1 0.881749 0.9475592 0.9177695
1 0.890181 0.9524228 0.9268535
1 0.872585 0.9460401 0.9245727
1 0.8628099 0.9418296 0.9207009
1 0.851968 0.9366828 0.9146486
1 0.8350302 0.9335213 0.9305281
1 0.8088187 0.9210998 0.917282
1 0.8253623 0.9297671 0.9331324
1 0.8119765 0.9236561 0.9282842
1 0.8019253 0.9185294 0.9192973
1 0.8198168 0.9273227 0.933551
1 0.8086118 0.9221639 0.930453
1 0.7968024 0.9166385 0.924555
1 0.7882645 0.9125525 0.920205
1 0.7677883 0.9026483 0.9151487
1 0.7524269 0.8948881 0.9054519
1 0.8380876 0.9256079 0.8896404
1 0.8198498 0.9168485 0.881496
1 0.809838 0.9094456 0.8682634
1 0.8141097 0.9168482 0.8893821
1 0.8033988 0.910017 0.8788464
1 0.8047446 0.9087223 0.8724313
1 0.7950697 0.9153226 0.9169121
1 0.7669258 0.9020624 0.9099566
1 0.7568043 0.8965559 0.9015774
1 0.8016401 0.917809 0.9149535
1 0.7872705 0.9104871 0.9065468
1 0.7710791 0.9027164 0.9009814
1 0.8130604 0.9219809 0.9128224
1 0.7934454 0.9123688 0.9033937
1 0.779896 0.9049374 0.8941948
1 0.8265127 0.9271727 0.9132084
1 0.818402 0.9235076 0.9103063
1 0.8122703 0.9191216 0.9011431
1 0.839632 0.9319029 0.9128954
1 0.8259964 0.9244841 0.9023326
1 0.8291821 0.9240697 0.8960342
1 0.8605661 0.9392657 0.9129325
1 0.848044 0.9327767 0.9040404
1 0.8403393 0.9278287 0.8951364
1 0.8685417 0.9422776 0.914152
1 0.8605496 0.9379484 0.9074606
1 0.8569187 0.934143 0.8971417
1 0.8828064 0.9478084 0.9173332
1 0.8707324 0.9411683 0.906435
1 0.8678998 0.9382735 0.898572
1 0.7965283 0.9103982 0.8899643
1 0.790256 0.9051737 0.8793736
1 0.7760645 0.8971563 0.8705082
1 0.7835438 0.905631 0.8910276
1 0.7655898 0.896095 0.8816539
1 0.750536 0.8878079 0.8736821
1 0.7615114 0.8970605 0.89272
1 0.7495029 0.8902096 0.8847067
1 0.738964 0.8836017 0.8760455
1 0.745874 0.890632 0.8947566
1 0.7312935 0.8833304 0.8907878
1 0.724025 0.8780165 0.8799584
1 0.7447737 0.8909674 0.9020171
1 0.7226444 0.879605 0.8986337
1 0.8450878 0.922161 0.8673461
1 0.8427907 0.918917 0.858527
1 0.835905 0.9142071 0.8507718
1 0.8404841 0.9207587 0.8683234
1 0.8238855 0.9107964 0.8546303
1 0.8188632 0.9052132 0.8420311
1 0.7992657 0.9004588 0.8514293
1 0.801595 0.89763 0.8392116
1 0.7925201 0.9016802 0.8641714
1 0.771144 0.8895408 0.851888
1 0.7650898 0.8832565 0.8400743
1 0.7623872 0.8890853 0.861654
1 0.7479842 0.8798096 0.8508745
1 0.7512254 0.8777845 0.8407988
1 0.7442107 0.8823528 0.8638659
1 0.7389009 0.876872 0.8534244
1 0.7246607 0.8664919 0.8406189
1 0.7317172 0.8786065 0.8689851
1 0.7172117 0.8687207 0.856744
1 0.68753 0.8527198 0.848149
1 0.7124904 0.8714998 0.8741713
1 0.6839504 0.8556278 0.8634382
1 0.6772698 0.8500792 0.854749
1 0.6935345 0.8632853 0.8785713
1 0.6797595 0.854859 0.8691586
1 0.6543669 0.840784 0.8634847
1 0.6879221 0.8607583 0.884695
1 0.663088 0.8464893 0.8782416
1 0.6480822 0.8377765 0.869003
1 0.8214067 0.9048907 0.8376082
1 0.818792 0.900049 0.8248203
1 0.794946 0.884162 0.8054894
1 0.7851373 0.8888525 0.8322643
1 0.7882647 0.885783 0.8189453
1 0.7795623 0.8767183 0.8030263
1 0.773583 0.8844557 0.833225
1 0.753397 0.8704465 0.8173484
1 0.7516992 0.8638383 0.8015282
1 0.7372254 0.8677103 0.829002
1 0.7233639 0.8579509 0.8192427
1 0.7185512 0.8493956 0.8035099
1 0.7167814 0.8613351 0.8358034
1 0.6993895 0.8485346 0.8228063
1 0.6891126 0.8373067 0.8078458
1 0.6828235 0.8474585 0.83938
1 0.6549775 0.8290162 0.8260864
1 0.6700726 0.829898 0.8118233
1 0.6507907 0.8357466 0.8496708
1 0.6535302 0.8319141 0.834797
1 0.6263066 0.8140753 0.8245065
1 0.6462864 0.8351854 0.8563742
1 0.6244612 0.8210782 0.8456935
1 0.5977742 0.8049902 0.8401973
1 0.6295054 0.8265321 0.8619786
1 0.6123195 0.8157916 0.8548458
1 0.5938659 0.8034053 0.8433472
1 0.7722947 0.86995 0.7929373
1 0.7676458 0.86282 0.7793006
1 0.7653726 0.8554877 0.7628966
1 0.7498785 0.8605832 0.7951725
1 0.7379533 0.848149 0.7783337
1 0.731122 0.8377321 0.7623505
1 0.714444 0.8433484 0.7939477
1 0.7137028 0.8358962 0.7782215
1 0.7204809 0.833239 0.7649
1 0.6963624 0.8371203 0.7997004
1 0.6810267 0.8222636 0.7852027
1 0.6684493 0.8088331 0.7735354
1 0.6495053 0.818774 0.810005
1 0.648586 0.8088885 0.7926419
1 0.6570954 0.8038254 0.7762094
1 0.6119697 0.8051338 0.8212353
1 0.6209854 0.799687 0.8026007
1 0.5995043 0.7816507 0.7941984
1 0.6025692 0.8006676 0.8222329
1 0.5836502 0.7859424 0.8139452
1 0.5684091 0.7712408 0.8052738
1 0.5744816 0.7900775 0.8347605
1 0.5613322 0.7806298 0.829053
1 0.5288533 0.7576019 0.8202874
1 0.5397466 0.7596917 0.8382965
1 0.5379386 0.7545474 0.8377617
1 0.5377464 0.7525938 0.8375985
1 0.7501414 0.8449115 0.7558578
1 0.7327797 0.827088 0.7374406
1 0.7465196 0.827477 0.7209152
1 0.7013583 0.8191692 0.7580016
1 0.7052975 0.8108814 0.7385584
1 0.7035174 0.7958046 0.7158085
1 0.6667249 0.8026776 0.7651596
1 0.688154 0.8016283 0.7418
1 0.680949 0.7874746 0.7286627
1 0.6485518 0.7932386 0.768123
1 0.6355356 0.7753885 0.7570362
1 0.6439993 0.763774 0.7377207
1 0.6097323 0.7729646 0.7756478
1 0.5901513 0.7564247 0.7745475
1 0.6245254 0.7501516 0.7434056
1 0.5616866 0.7442328 0.7850472
1 0.5313278 0.7483399 0.8065602
1 0.5000106 0.737137 0.8160167
1 0.702443 0.7911532 0.7101474
1 0.7150292 0.7848581 0.6861339
1 0.7173076 0.7729788 0.6682109
1 0.6818963 0.7781526 0.7158346
1 0.6748536 0.7596639 0.7041536
1 0.7007021 0.7626791 0.6780588
1 0.6350826 0.7520037 0.7358121
1 0.6596918 0.7464519 0.7093809
1 0.674185 0.7372988 0.6895389
1 0.6014885 0.7299266 0.750652
1 0.6292411 0.7255996 0.7269083
1 0.6158764 0.7061674 0.7345376
1 0.5689256 0.714088 0.7707049
1 0.6133537 0.6827605 0.7397498
1 0.5532962 0.7194325 0.7817749
1 0.567044 0.683966 0.786425
1 0.5915344 0.6679216 0.7696482
1 0.5455507 0.7005662 0.7987579
1 0.5741471 0.6757956 0.789284
1 0.5912797 0.6598813 0.7863759
1 0.7211604 0.7694556 0.6591982
1 0.7336403 0.7738183 0.6470427
1 0.7102141 0.7600424 0.6639952
1 0.7134937 0.7479443 0.6505002
1 0.7174242 0.7250199 0.6365151
1 0.680339 0.7382531 0.6835283
1 0.7083276 0.7141231 0.6461932
1 0.66301 0.6885439 0.6942379
1 0.6616409 0.6756128 0.698908
1 0.6722644 0.6710185 0.6909668
1 0.6212956 0.6828431 0.7327962
1 0.6420566 0.6448294 0.7319163
1 0.6502155 0.6399164 0.7273
1 0.6102934 0.6635619 0.7516363
1 0.6245195 0.6376172 0.7581544
1 0.6519345 0.6080119 0.755325
1 0.6113025 0.6407492 0.7833344
1 0.6400874 0.6120018 0.7779422
1 0.6526548 0.601484 0.765545
1 0.6501805 0.6024643 0.7865452
1 0.7697113 0.7684679 0.5834997
1 0.757352 0.7448642 0.588074
1 0.7713946 0.7476855 0.5680422
1 0.75193 0.7375079 0.5942517
1 0.7625931 0.7340781 0.5806424
1 0.7150685 0.6866289 0.6459519
1 0.7353434 0.6796974 0.6340613
1 0.7119337 0.6544205 0.667105
1 0.7283735 0.6644511 0.6495094
1 0.6973191 0.6407969 0.6866127
1 0.7058198 0.6244662 0.6926193
1 0.7096586 0.6056409 0.7050562
1 0.6856722 0.5995805 0.7261192
1 0.699715 0.577518 0.734051
1 0.6606407 0.5944348 0.7616311
1 0.7046604 0.5563265 0.7496608
1 0.6672414 0.5844616 0.785591
1 0.6942269 0.5554711 0.7865728
1 0.7140035 0.5404888 0.7941934
1 0.8411415 0.8342787 0.5960271
1 0.8464685 0.8308693 0.5839639
1 0.8510895 0.8267008 0.5757481
1 0.827558 0.8151644 0.5656358
1 0.8282772 0.8034894 0.5388645
1 0.8366517 0.8052591 0.5410399
1 0.8075258 0.7913827 0.5440627
1 0.8050285 0.7824027 0.531774
1 0.8071691 0.7785016 0.5205169
1 0.7891523 0.7631462 0.5436192
1 0.8026483 0.7477273 0.5446095
1 0.768342 0.7288104 0.5765834
1 0.7786991 0.721494 0.5765503
1 0.7842005 0.7097193 0.5913697
1 0.7482923 0.6914497 0.6173536
1 0.7620973 0.6855574 0.6177613
1 0.7716521 0.6776114 0.6274469
1 0.7287806 0.6448275 0.6647884
1 0.7477465 0.6451668 0.6595096
1 0.764145 0.6425456 0.6644986
1 0.723147 0.6263334 0.6822656
1 0.7378799 0.6023056 0.6992242
1 0.7563774 0.6031986 0.7014699
1 0.7154402 0.5889965 0.7156567
1 0.7296327 0.5758986 0.7221003
1 0.7496855 0.5738164 0.7257199
1 0.7177363 0.5480909 0.7479811
1 0.7375178 0.5410074 0.7493131
1 0.7500213 0.5287348 0.764364
1 0.7169035 0.5260806 0.7801738
1 0.7375781 0.5231649 0.794077
1 0.7574769 0.527226 0.7854448
1 0.7209659 0.543926 0.8013941
1 0.7321565 0.5431263 0.8052548
1 0.7429706 0.5445568 0.807935
1 0.8085145 0.7503861 0.5454215
1 0.8204924 0.7610931 0.5451708
1 0.8162616 0.7437425 0.5698847
1 0.800457 0.731351 0.5695909
1 0.8075392 0.7259584 0.5870862
1 0.8190912 0.7243331 0.6101057
1 0.7871263 0.6967537 0.6105679
1 0.791893 0.6794285 0.6387601
1 0.8092739 0.6951335 0.6396956
1 0.7736906 0.655382 0.6545965
1 0.7834902 0.647634 0.6714724
1 0.8003831 0.6612979 0.6747109
1 0.767407 0.6285363 0.6811009
1 0.7807764 0.6158017 0.7062315
1 0.7974979 0.6299385 0.7120161
1 0.7608028 0.5811832 0.7247344
1 0.7760568 0.6006632 0.7180333
1 0.7951894 0.6021863 0.745042
1 0.761284 0.5424874 0.7632028
1 0.778111 0.5745511 0.7503458
1 0.79566 0.58803 0.7693834
1 0.7627372 0.5356418 0.7764382
1 0.7803942 0.5597932 0.7959331
1 0.8151651 0.620035 0.8319559
1 0.800062 0.5880563 0.7992363
1 0.7834245 0.5681865 0.8070002
1 0.7934509 0.5866659 0.8184242
1 0.8054476 0.6012073 0.8194242
1 0.8010855 0.6039914 0.8305656
1 0.806504 0.6095214 0.8306735
1 0.8097408 0.6160508 0.8347183
1 0.8464239 0.7723348 0.5944443
1 0.8558357 0.7721717 0.625063
1 0.8610673 0.7737785 0.6401588
1 0.8309015 0.7410854 0.6072415
1 0.8371508 0.7353601 0.633985
1 0.8514996 0.7514278 0.6480913
1 0.8240409 0.7136846 0.6388489
1 0.8315078 0.710869 0.6615463
1 0.837232 0.7171304 0.6661182
1 0.8098386 0.6685763 0.6804274
1 0.8249918 0.6850076 0.6877388
1 0.8367788 0.6901857 0.7106397
1 0.8041637 0.6378213 0.7132766
1 0.8207287 0.663443 0.7112867
1 0.83355 0.6709944 0.7338446
1 0.8026955 0.6261807 0.726581
1 0.814433 0.6307594 0.7470443
1 0.8325735 0.6607922 0.7489755
1 0.8015722 0.602874 0.7591482
1 0.8147398 0.6164644 0.7759345
1 0.8293739 0.640432 0.7799927
1 0.8033391 0.5950604 0.7831735
1 0.8206502 0.6201206 0.8022651
1 0.8306604 0.6382324 0.7947915
1 0.8237406 0.6282428 0.8263136
1 0.830656 0.6468771 0.8452955
1 0.8449287 0.6661283 0.8471098
1 0.8421834 0.6684291 0.8568852
1 0.8466352 0.6740118 0.8572481
1 0.8467549 0.7104483 0.706156
1 0.8568094 0.7226093 0.7184774
1 0.8679887 0.7360094 0.7359413
1 0.8398754 0.6843353 0.7302448
1 0.8512974 0.7036248 0.7339318
1 0.8645053 0.7157745 0.7622564
1 0.8381244 0.670561 0.7495348
1 0.8532805 0.6865787 0.7768485
1 0.8637602 0.7099715 0.7715818
1 0.8509595 0.6763089 0.7922141
1 0.8634686 0.699311 0.7973183
1 0.8387967 0.651927 0.7982844
1 0.8516532 0.6719097 0.820927
1 0.8644971 0.6965154 0.8156456
1 0.8423746 0.6559086 0.8214333
1 0.8582355 0.6844508 0.8413264
1 0.8667931 0.6991967 0.8430516
1 0.8501319 0.6744859 0.8495606
1 0.8603713 0.6895612 0.8487934
1 0.8735293 0.7139141 0.8605894
1 0.8542979 0.6856789 0.860385
1 0.862967 0.6985898 0.862457
1 0.8784952 0.727355 0.8755287
1 0.8887053 0.7817954 0.7355713
1 0.894912 0.78279 0.7631783
1 0.8715973 0.7451479 0.7329178
1 0.8945709 0.7793798 0.7686691
1 0.8717477 0.7343511 0.7552114
1 0.877683 0.7359377 0.7797911
1 0.8906044 0.7612347 0.788496
1 0.868487 0.7177108 0.7763791
1 0.8768044 0.7273231 0.7965887
1 0.8876491 0.7503298 0.7988329
1 0.8703044 0.7118694 0.8016733
1 0.8792091 0.7263867 0.8154136
1 0.887315 0.744223 0.8141271
1 0.8774283 0.721155 0.8216067
1 0.8740034 0.7124472 0.8485007
1 0.8806607 0.7250016 0.8544729
1 0.8733756 0.7120658 0.8537483
1 0.8846924 0.7327669 0.8585891
1 0.8926236 0.7482532 0.866292
1 0.8842466 0.7368025 0.8772241
1 0.8937718 0.7556225 0.8864147
1 0.8993926 0.7637372 0.8830458
1 0.897819 0.7847445 0.7738403
1 0.9047984 0.7929813 0.7934025
1 0.8927196 0.7659457 0.7889464
1 0.9031777 0.781669 0.8113813
1 0.9123703 0.8023035 0.8163869
1 0.893541 0.7606458 0.8070721
1 0.9025307 0.7755112 0.8244056
1 0.9112607 0.7940803 0.8313804
1 0.8933587 0.7550547 0.8226172
1 0.903044 0.7736251 0.8346027
1 0.9092676 0.7868706 0.8391846
1 0.9103342 0.7836206 0.8777386
1 0.9028076 0.7703076 0.8851173
1 0.9065158 0.7788654 0.8921345
1 0.9112215 0.7870863 0.891307
1 0.914631 0.802239 0.8317714
1 0.9171967 0.8034028 0.8480317
1 0.9213621 0.8148947 0.8442877
1 0.9143426 0.7975566 0.8442476
1 0.9240332 0.8158103 0.8645736
1 0.924526 0.815975 0.8693157
1 0.9299402 0.8276436 0.8767377
1 0.9319767 0.830202 0.8943677
1 0.9164887 0.7964824 0.8824243
1 0.9245786 0.8139226 0.8938778
1 0.9336642 0.8340968 0.906458
1 0.9290812 0.8241428 0.903376
1 0.9349998 0.8374858 0.9115364
1 0.9350303 0.8371726 0.9082236
