1 30 14 3 0 0 0.1102618
1 14 12 3 0 0 0.06560346
1 22 24 4 0 0 0.03280256
1 11 49 3 1 0 0.04084221
1 10 18 3 1 0 0.07719061
1 20 77 4 0 0 0.04112962
1 8 49 2 1 0 0.04337285
1 20 9 4 0 0 0.05352219
1 15 68 3 0 0 0.02005091
1 17 10 4 0 0 0.06842903
1 14 52 3 0 0 0.0422866
1 16 49 3 0 0 0.01127170
1 20 10 4 0 0 0.06150208
1 20 9 3 0 0 0.001028071
1 11 48 3 0 0 0.02131101
1 15 50 3 0 0 0.009791483
1 11 53 2 1 0 0.02539656
1 18 2 3 0 0 0.033042
1 14 22 3 1 0 0.02018479
1 10 15 2 0 0 0.004039068
1 8 50 2 1 0 0.04183397
1 15 44 3 0 0 0.01145390
1 14 5 3 1 0 0.06192174
1 18 10 4 0 0 0.05531165
1 17 8 3 0 0 0.03142335
1 19 50 3 0 1 0.02537076
1 14 19 3 0 0 0.07028839
1 17 7 3 0 0 0.02426300
1 12.28 10 3 0 0 0.07104057
1 23.86 18 4 0 0 0.01104582
1 12.64 5 3 0 0 0.06699026
1 17.25 41 3 0 0 0.02433831
1 13.57 6 3 0 0 0.06689708
1 20.16 75 4 0 0 0.02690696
1 16.93 48 3 0 0 0.04102164
1 10 8 3 0 0 0.07564835
1 17.88 48 4 0 1 0.04426197
1 12.7 59 2 0 0 0.03532761
1 16.49 6 3 0 0 0.00294706
1 20.3 19 4 0 1 0.007486524
1 15.36 13 3 0 0 0.01300623
1 27.27 11 4 1 0 0.007905291
1 17.6 20 4 0 0 0.03500634
1 25.84 22 5 1 1 0.009451414
1 17.1 18 3 0 1 0.03980617
1 13.67 52 2 0 0 0.02569066
1 8.59 20 2 0 0 0.07771377
1 14.38 23 3 0 0 0.03491564
1 13 6 3 0 0 0.05265697
1 20.72 25 5 0 0 0.002577919
1 22.09 11 3 1 1 0.01394198
1 12.68 44 3 0 1 0.02866096
1 17.94 16 3 0 1 0.0131301
1 19 0 4 1 0 0.000301238
1 12.55 38 3 1 0 0.04453621
1 22.23 17 4 0 1 0.005427968
1 8.58 48 2 1 1 0.03937351
1 15.52 21 3 0 0 0.006871978
1 20.42 23 4 1 0 0.005297507
1 10.4 58 2 0 0 0.07150238
1 9.95 63 2 0 1 0.01453904
1 15.47 22 3 0 0 0.03915135
1 14.47 34 3 0 1 0.01120490
1 12.9 49 3 1 0 0.02123038
1 14 19 3 0 1 0.0611041
1 10.33 48 3 1 1 0.01680385
1 13 21 3 0 1 0.03271317
1 9.65 19 2 1 0 0.05855254
1 16.74 16 3 0 1 0.005373756
1 13.18 33 3 1 0 0.04327942
1 10.27 53 2 0 1 0.03519408
1 17.46 20 3 0 0 0.02628248
1 13.72 15 3 0 0 0.0396565
1 17.89 25 4 0 0 0.05225341
1 14.78 17 2 0 0 0.05907224
1 22.2 20 4 1 0 0.01780392
1 16.38 18 3 0 0 0.01311372
1 9.88 38 3 0 0 0.1078867
1 11.75 34 3 0 0 0.04192456
1 14.88 32 3 0 0 0.05213088
1 11.58 19 3 0 0 0.07107975
1 26.89 12 4 0 0 0.01499684
1 11.35 17 3 1 1 0.07244523
1 13 22 3 1 0 0.001361484
1 10 49 3 1 0 0.01481193
1 12 44 3 1 0 0.01376872
1 9 10 2 1 0 0.06601695
1 15 24 3 1 0 0.01702853
1 15 39 3 1 0 0.020935
1 22 48 4 1 0 0.1024052
1 20 16 4 1 0 0.005406346
1 10 17 3 1 0 0.06768512
1 9 79 3 1 1 0.04729383
1 16 9 3 1 0 0.05436418
1 14 13 3 1 0 0.05522692
1 20 22 4 1 0 0.00792919
1 17 73 3 1 1 0.02010374
1 12 12 3 1 0 0.00954032
1 9 52 2 1 0 0.01202571
1 11 14 3 1 0 0.06704689
1 18 16 3 0 1 0.006249673
1 10.99 47 3 1 1 0.01359473
1 18.09 5 3 1 1 0.001470874
1 12.65 73 2 0 0 0.02651426
1 10.7 57 2 0 0 0.0494994
1 18.6 25 3 0 0 0.00524257
1 13.7 72 2 0 1 0.05782615
1 12.93 9 3 1 1 0.06254788
1 22.5 79 4 0 1 0.03230761
1 13.15 47 3 1 1 0.02739135
1 11.81 58 2 0 1 0.01760032
1 16.06 91 3 0 1 0.03949104
1 16.13 56 3 1 0 0.01892786
1 16.53 51 3 0 0 0.02077367
1 15.94 89 3 1 1 0.02870921
1 18.49 20 4 1 0 0.02615374
1 16.08 37 4 0 1 0.04611751
1 11.34 74 2 0 1 0.03169572
1 22.77 21 4 0 1 0.01979082
1 13.6 5 3 1 0 0.06111362
1 12.66 30 3 1 1 0.05108757
1 8.98 47 2 1 0 0.01984968
1 10.34 51 2 0 0 0.03408028
1 15.52 20 3 1 0 0.01379275
1 19.08 45 3 1 0 0.000857157
1 16.74 73 3 1 0 0.03883242
1 12.73 47 2 1 0 0.01729984
1 17.45 53 4 1 0 0.02260845
1 12 81 2 0 1 0.03367134
1 11.13 40 3 0 1 0.05076736
1 11.6 58 3 0 0 0.06458322
1 13.59 47 3 1 0 0.04070071
1 14 9 4 0 1 0.05975207
1 15 39 3 0 0 0.01996473
1 15 34 3 0 0 0.04044996
1 20 9 4 0 0 0.06147625
1 11 48 2 0 0 0.04287838
1 9 26 2 0 0 0.000239059
1 14 37 3 0 0 0.0301955
1 12 35 3 1 0 0.04720389
1 14 72 3 1 0 0.03698557
1 30 25 5 1 0 0.01006372
1 12 31 3 0 0 0.04899411
1 15 17 3 1 0 0.01701695
1 9 44 3 1 0 0.01594125
1 18 21 3 0 0 0.01844140
1 21 21 4 1 0 0.01067192
1 10 52 2 0 0 0.01168633
1 32 16 4 0 0 0.1100298
1 32 19 5 0 0 0.01396208
1 12 76 2 1 0 0.02875797
1 10 38 3 0 0 0.04805729
1 10 18 2 0 0 0.0574479
1 16 7 3 1 0 0.01136754
1 13 92 3 0 0 0.03676441
1 15 46 4 1 0 0.004499736
1 18 9 4 0 0 0.053288
1 12 9 3 0 0 0.07580506
1 14 29 3 1 0 0.02463786
1 24 38 4 0 0 0.00119495
1 8 73 2 1 0 0.04610595
1 23 20 4 1 0 0.01168492
1 11 19 4 1 0 0.07445157
1 11 21 3 0 0 0.07229701
1 22 50 3 1 0 0.02717747
1 27 20 6 0 0 0.01010479
1 11 26 2 0 0 0.0832572
1 23 15 5 1 0 0.01489938
1 23 58 3 0 0 0.03852059
1 15 9 3 1 0 0.008604293
1 9 51 2 0 0 0.02240567
1 21 22 4 1 0 0.01906040
1 20 42 4 1 0 0.01919948
1 13 22 3 1 0 0.007500077
1 18 38 3 0 0 0.04058808
1 14 58 2 1 0 0.03174349
1 19 19 3 0 0 0.01502536
1 19 39 4 0 0 0.01938167
1 11 14 3 0 0 0.06761757
1 14 35 3 1 0 0.1084568
1 19 19 3 1 0 0.00307021
1 13 47 3 1 0 0.007335991
1 13 36 3 1 0 0.01354945
1 17 20 3 0 0 0.01624059
1 12 36 3 0 0 0.04803484
1 12 10 3 0 0 0.06845051
1 15 12 3 1 0 0.006924915
1 11 52 3 0 0 0.05030628
1 13 48 3 0 0 0.03180384
1 14 9 3 0 1 0.06812044
1 15 41 3 1 0 0.01027202
1 16 17 3 0 0 0.01472278
1 13 10 3 1 0 0.06523287
1 13 5 3 1 0 0.03299151
1 8 36 2 0 0 0.03748497
1 11.54 17 3 0 0 0.07091414
1 10 25 3 0 0 0.04963442
1 18 16 4 0 0 0.01791531
1 13 3 3 1 0 0.06612693
1 16 6 3 1 0 0.000429699
1 21 23 3 0 0 0.0441411
1 13 52 2 1 0 0.0707363
1 29 6 3 1 0 0.01327529
1 10 73 2 0 0 0.03366006
1 16 21 3 0 0 0.03190033
1 13 50 3 1 0 0.01081911
1 16 21 3 0 0 0.00696447
1 15 21 3 1 0 0.03594381
1 11 16 3 0 0 0.05829023
1 10 40 3 0 0 0.01009458
1 15 26 3 0 0 0.01473764
1 14 70 2 0 0 0.03684508
1 16 9 3 1 0 0.05367949
1 13 6 3 0 0 0.06319749
1 24 4 4 0 0 0.01291077
1 20 9 4 0 0 0.05339901
1 23 18 4 1 0 0.0147114
1 11 51 2 0 0 0.02867590
1 14 47 3 0 0 0.01865015
1 33 19 4 0 0 0.01338785
1 13 48 3 0 0 0.01602481
1 35 13 3 0 1 0.09843054
1 30 51 3 1 0 0.03527181
1 10 27 4 1 0 0.06714583
1 15 36 3 0 0 0.02348012
1 15 73 3 0 0 0.0364699
1 18 20 4 1 0 0.03351694
1 17 10 4 0 0 0.06591956
1 15 9 4 0 0 0.06481721
1 19 11 3 0 0 0.003751832
1 19 18 3 0 0 0.01597967
1 19 58 3 0 0 0.03993142
1 10 48 2 1 0 0.02072488
1 26 6 4 0 0 0.01412982
1 19 9 4 0 1 0.06455022
1 10 11 3 1 0 0.06478734
1 9 20 2 0 0 0.05948277
1 32 39 4 0 1 0.01270392
1 11 74 2 1 0 0.04711409
1 15 51 1 0 0 0.03156154
1 11 40 3 1 0 0.037448
1 13 4 3 1 0 0.06038514
1 16 19 3 0 0 0.01103099
1 18 6 3 1 0 0.000233472
1 21 9 3 1 0 0.06149704
1 10 39 3 1 0 0.01005879
1 25 40 3 0 1 0.02118192
1 16 74 2 0 0 0.02686671
1 13 51 2 1 0 0.04130136
1 12 16 3 1 0 0.004151183
1 16 22 3 0 0 0.03469727
1 10 54 3 0 0 0.06709175
1 13 44 3 0 0 0.01518376
1 21 19 4 0 0 0.03774324
1 26 20 4 0 0 0.1105987
1 18 9 3 1 0 0.06149222
1 19 64 3 0 1 0.1035881
1 19 9 4 0 0 0.06261736
1 12 51 3 0 0 0.02396255
1 9 77 2 1 0 0.04716458
1 15 24 4 0 1 0.01093098
1 11 20 3 1 0 0.06058326
1 26 21 4 0 0 0.007891324
1 16 41 3 0 0 0.02499186
1 15 53 3 0 0 0.01935570
1 14 43 3 0 0 0.04679061
1 11 60 2 0 0 0.04710964
1 16 44 3 0 0 0.02454209
1 18 20 4 1 0 0.03548625
1 13 20 3 0 0 0.05182309
1 21 9 4 0 0 0.05948146
1 14 37 3 1 0 0.004441454
1 18 9 3 0 0 0.07004923
1 13 11 3 0 0 0.064729
1 12 37 3 1 0 0.04154735
1 10 42 3 1 0 0.006948848
1 11 23 3 1 0 0.05041205
1 18 26 3 0 0 0.007580499
1 9 46 3 1 0 0.01036020
1 22 10 4 1 0 0.000469393
1 15 12 3 1 0 0.0089445
1 11 58 2 0 0 0.03213246
1 16 74 4 0 0 0.008013715
1 17 22 4 0 1 0.004430039
1 16 39 3 1 0 0.008482901
1 17 45 3 1 0 0.02501925
1 19 21 4 0 0 0.02953402
1 10 54 2 0 0 0.06733354
1 13 9 3 1 0 0.061063
1 12 38 3 0 0 0.01381931
1 15 55 3 0 0 0.04007082
1 13 5 3 0 0 0.0903241
1 9 27 2 0 0 0.002381209
1 15 15 3 0 0 0.005140318
1 18 10 4 0 0 0.06480614
1 17 69 3 0 0 0.02358234
1 9 49 2 0 0 0.005662889
1 14 57 2 1 0 0.03203417
1 13 13 3 1 0 0.001828739
1 15 47 3 1 0 0.01865049
1 11 62 2 1 0 0.01554286
1 13 11 3 1 0 0.06759201
1 26 17 4 0 0 0.03986156
1 26 7 3 0 0 0.01428898
1 17 49 3 0 0 0.008206528
1 15 52 3 0 0 0.03273035
1 11 46 3 0 0 0.0401002
1 10 44 3 1 0 0.01198660
1 14 4 3 0 0 0.03008801
1 8 49 2 0 0 0.01273468
1 17 25 4 0 0 0.01246872
1 24 69 3 0 0 0.03213111
1 21 14 4 1 0 0.01824914
1 22 19 4 1 0 0.009169489
1 13 15 3 0 0 0.04097771
1 13 58 2 1 0 0.03990615
1 19 21 4 1 0 0.007967918
1 16 23 3 0 0 0.03801851
1 14 62 3 0 0 0.03077459
1 14 38 3 0 0 0.02116013
1 13 21 3 1 0 0.004889845
1 10 48 3 1 0 0.01393563
1 18 22 3 0 0 0.01100681
1 16 19 3 1 0 0.01423932
1 22 13 4 0 0 0.04115527
1 12 36 3 1 0 0.04004747
1 13 58 3 1 0 0.01312134
1 14 16 3 0 0 0.00084688
1 23 12 5 0 0 0.005823009
1 15 50 3 0 0 0.02653044
1 31 45 4 0 0 0.1054995
1 20 11 3 0 0 0.003165634
1 12 72 3 1 0 0.01823593
1 11 78 2 0 0 0.03180163
1 20 10 4 0 0 0.05468645
1 14 5 3 1 0 0.06192174
1 22 9 4 0 0 0.06953938
1 13 20 3 0 0 0.05297707
1 13 19 3 1 0 0.006727998
1 14 23 3 0 0 0.008840455
1 10 52 3 0 0 0.01778154
1 14 30 3 0 0 0.0473507
1 17.45 16 3 0 0 0.000972893
1 12 66 2 1 0 0.03845952
1 16 19 3 0 0 0.03765392
1 14 38 3 1 0 0.01593063
1 17 15 3 0 0 0.006450073
1 16 17 3 1 0 0.01791531
1 20 51 3 0 0 0.02756851
1 10 48 3 0 0 0.04002609
1 18 73 3 0 0 0.02621244
1 8 50 2 0 0 0.04356952
1 11 19 3 1 0 0.0723425
1 22 32 3 0 0 0.02152417
1 16 20 3 0 0 0.02661924
1 15 7 2 0 0 0.01123646
1 19 9 4 0 0 0.059705
1 15 41 3 0 0 0.009843006
1 15 16 3 0 0 0.000573334
1 14 25 3 0 0 0.005627299
1 24 18 3 0 1 0.01210879
1 18 49 3 0 1 0.03081456
1 21 22 4 0 0 0.02117982
1 10 54 2 1 0 0.04116786
1 22 19 3 0 0 0.01004006
1 18 4 4 0 0 0.03014173
1 13 16 3 1 0 0.03686532
1 15 20 3 0 0 0.02014492
1 10 47 3 1 1 0.01550538
1 14 10 4 0 0 0.05602828
1 12 49 2 1 0 0.007660093
1 9 20 3 1 0 0.07802925
1 9 49 2 1 0 0.01567370
1 22 11 4 0 0 0.002980201
1 23 10 5 1 1 0.003650373
1 11 6 3 0 0 0.06237875
1 11 43 3 0 0 0.01375361
1 17 27 3 1 0 0.1059081
1 12 51 3 1 0 0.009766895
1 13 23 3 0 0 0.05072108
1 25 6 4 0 0 0.01358577
1 13 14 3 0 0 0.02072953
1 9 45 2 0 0 0.01571426
1 11 36 3 1 0 0.041867
1 10 46 3 0 0 0.03787046
1 14 59 3 0 0 0.009176903
1 23 32 4 0 0 0.02083685
1 26 40 3 0 0 0.02060831
1 17 43 4 0 0 0.04055207
1 11 17 3 1 0 0.06768512
1 11 72 2 0 0 0.01541558
1 19 19 4 0 0 0.04058894
1 9 19 3 0 0 0.07634622
1 18 21 4 1 0 0.03153284
1 14 20 3 1 0 0.02076833
1 15 9 3 0 0 0.008392478
1 8 81 3 0 0 0.04890048
1 13 47 3 1 0 0.01911630
1 22 9 3 0 0 0.06056995
1 15 79 3 0 0 0.02688916
1 10 3 3 0 0 0.06829619
1 25 8 3 1 0 0.05454771
1 12 49 3 0 1 0.007090759
1 16 16 3 1 0 0.01625777
1 15 22 3 1 0 0.03801426
1 13 18 3 0 0 0.0380184
1 12 73 2 0 0 0.01991904
1 12 17 3 0 0 0.07118041
1 14 24 3 0 0 0.01076438
1 14 5 3 0 0 0.01617403
1 11 20 3 0 0 0.07153841
1 14 6 3 0 0 0.01461084
1 15 9 3 1 0 0.01445382
1 14 82 2 0 0 0.03533127
1 21 50 3 0 0 0.0298914
1 16 2 3 0 0 0.008592533
1 9 46 2 0 0 0.01013383
1 11 33 3 1 0 0.04207744
1 18 22 3 0 0 0.0212041
1 11 72 2 0 0 0.01861021
1 16 43 3 0 0 0.02433418
1 13 52 3 1 0 0.06099878
1 25 20 4 0 1 0.1090023
1 22 20 4 0 0 0.02047892
1 11 45 3 1 0 0.01264267
1 25 69 3 0 0 0.0287239
1 10 17 2 0 0 0.04886951
1 8 57 2 0 1 0.05043053
1 10 20 3 1 0 0.07504915
1 19 21 3 0 0 0.009273258
1 20 49 3 0 0 0.1043804
1 21 26 4 0 0 0.1059381
1 14 39 3 0 0 0.01877640
1 21 19 4 0 0 0.03652235
1 14 19 3 0 0 0.007005406
1 12 26 3 0 0 0.04996104
1 15 18 3 1 0 0.04078286
1 11 48 2 0 0 0.07398494
1 10 48 3 0 0 0.03925853
1 26 9 4 1 0 0.000102631
1 18 6 3 0 1 0.01791435
1 8 52 2 0 0 0.04962848
1 9 60 2 1 0 0.04887451
1 17 34 3 0 0 0.04711043
1 19 19 3 0 0 0.01170716
1 11 27 3 1 0 0.05198238
1 12 50 3 0 1 0.1061915
1 18 21 4 0 0 0.03264806
1 16 16 3 0 0 0.01530567
1 18 81 2 0 0 0.03481501
1 21 20 3 0 0 0.03199217
1 23 2 4 0 0 0.01266571
1 17 5 4 1 0 0.06211228
1 17 13 3 0 0 0.0063422
1 16 20 3 0 0 0.03454377
1 17 77 4 0 0 0.02889406
1 17 88 3 1 1 0.03161382
1 23 45 3 0 0 0.02081020
1 12 30 3 0 0 0.04965066
1 21 31 3 0 1 0.003405934
1 12 32 3 1 0 0.04980375
1 11 38 3 0 0 0.04527435
1 19 18 4 0 0 0.01701464
1 12 49 2 1 0 0.01877492
1 8 53 2 1 0 0.04903446
1 13 56 3 0 0 0.01868056
1 11 17 3 1 0 0.0709
1 20 9 4 0 1 0.06115849
1 11 17 3 1 0 0.07334839
1 17 6 3 0 0 0.01444155
1 20 15 4 1 0 0.005458903
1 13 29 3 0 0 0.04809823
1 14 42 3 1 0 0.002326376
1 10 48 3 1 0 0.01340537
1 8 46 2 1 0 0.01822276
1 7 52 2 1 0 0.1082751
1 18 44 3 0 0 0.01173265
1 9 59 2 0 0 0.0105946
1 17 18 3 0 0 0.007391997
1 18 24 4 0 0 0.005705928
1 14 47 3 0 0 0.008518836
1 14 78 3 1 1 0.03701192
1 25 13 4 0 0 0.000780735
1 10 49 2 1 1 0.00799361
1 13 27 3 0 0 0.04992427
1 11 21 3 0 0 0.02950481
1 21 51 3 0 0 0.02949115
1 9 49 2 0 0 0.06966088
1 13 39 3 0 0 0.009194457
1 13 19 3 0 1 0.06034355
1 22 48 3 0 1 0.02941328
1 20 9 4 1 0 0.0604559
1 18 21 4 0 0 0.03702489
1 12 32 3 0 0 0.04357232
1 11 27 4 0 0 0.0354879
1 14 68 2 0 0 0.02176936
1 16 30 3 0 0 0.004668029
1 27 94 4 0 0 0.03503513
1 21 12 3 0 0 0.06105548
1 14 21 3 0 1 0.05225844
1 11 19 4 1 0 0.07637391
1 11.76 46 3 0 0 0.01738798
1 12 36 3 0 0 0.04201626
1 15 10 3 1 0 0.004965266
1 10 8 2 1 0 0.07527128
1 16 9 3 1 0 0.06234779
1 17 29 4 0 0 0.04698749
1 11 75 3 0 0 0.02843466
1 12 75 2 1 0 0.02851516
1 11 43 4 1 1 0.01479041
1 27 13 6 0 0 0.01441468
1 13 74 2 0 0 0.03977772
1 11 9 3 0 0 0.07054204
1 22 18 4 0 0 0.01921055
1 18 20 4 0 0 0.02034222
1 14 3 3 0 0 0.03021102
1 14 10 4 0 0 0.0604619
1 15 50 3 1 0 0.009656607
1 15 4 4 0 1 0.07005392
1 10 23 3 1 0 0.0703513
1 12 46 3 0 0 0.008604707
1 19 3 2 0 0 0.01223539
1 15 47 3 0 0 0.007685544
1 18 8 3 0 0 0.000605993
1 11 47 2 0 0 0.02365335
1 11 18 3 0 0 0.07330032
1 16 17 3 0 0 0.01111286
1 18 88 3 1 0 0.04654276
1 13 48 2 0 0 0.02737014
1 21 16 3 0 0 0.01350476
1 9 51 2 0 0 0.02240567
1 10 89 3 1 0 0.03947772
1 19 14 3 1 0 0.008935637
1 13 23 3 0 0 0.002372622
1 9 84 3 1 0 0.0420993
1 19 20 4 0 0 0.006985369
1 16 48 3 0 0 0.02920202
1 10 40 3 1 0 0.03742303
1 13 39 3 0 0 0.1113181
1 13 41 3 1 0 0.02872566
1 11 44 3 0 0 0.045529
1 23 53 3 0 0 0.01308127
1 21 9 4 0 0 0.003844945
1 13 49 3 0 0 0.006630747
1 18 9 3 1 0 0.001332067
1 16 21 3 0 0 0.03269472
1 16 6 4 0 0 0.06526043
1 11 19 2 0 0 0.05873752
1 10 69 2 1 0 0.01871267
1 18 30 3 0 0 0.005035653
1 14 31 3 0 0 0.04797459
1 9 53 2 0 0 0.01331522
1 14 4 3 0 0 0.008917842
1 18 65 2 0 0 0.02995841
1 10 49 3 0 0 0.04049152
1 11 22 3 0 0 0.02182413
1 10 9 3 1 0 0.07516792
1 15 24 3 1 0 0.01219680
1 17 16 4 1 0 0.01912275
1 13 40 3 1 0 0.01699736
1 17 73 3 0 0 0.02525717
1 15 12 3 0 0 0.003216743
1 10 14 2 0 0 0.000504741
1 13 10 3 1 0 0.03838765
1 12 34 3 0 0 0.04197526
1 16 8 3 1 0 5e-06
1 11 21 3 0 1 0.07338736
1 16 35 4 0 0 0.01155766
1 12 41 3 0 0 0.04761428
1 11 20 3 0 0 0.07244985
1 23 39 4 0 1 0.005881808
1 16 18 3 0 0 0.003828322
1 15 30 3 0 0 0.04971394
1 9 46 2 0 0 0.01415169
1 11 47 3 0 1 0.04002719
1 12 51 2 1 0 0.02665259
1 14 14 3 0 0 0.01559318
1 15 31 3 0 0 0.04434764
1 15 10 3 0 0 0.0640392
1 19 9 4 0 0 0.05949953
1 17 84 4 0 0 0.02839473
1 14 3 4 0 0 0.06688587
1 13 44 3 0 0 0.01196429
1 15 59 3 1 1 0.02368014
1 19 15 4 0 0 0.03114546
1 9 47 3 0 0 0.006719756
1 16 41 3 0 0 0.01529815
1 12 18 3 0 0 0.07131191
1 20 18 4 0 0 0.01728263
1 11 48 3 1 0 0.01699998
1 18 46 4 0 0 0.03836664
1 23 19 4 0 0 0.01978699
1 11 17 3 0 0 0.04897828
1 21 52 3 0 0 0.004846185
1 12 51 3 1 0 0.01599163
1 15 16 3 0 0 0.01944909
1 18 66 3 0 0 0.01775947
1 27 8 5 0 1 0.03132472
1 20 15 3 0 0 0.03091888
1 14 35 3 1 0 0.04366498
1 10 24 3 0 0 0.007306609
1 17 74 2 0 0 0.03159602
1 17 65 3 0 1 0.02051168
1 11 44 3 0 0 0.04659293
1 19 40 4 0 0 0.01979502
1 12 22 3 0 0 0.04581413
1 11 22 3 0 0 0.06920611
1 28 74 4 0 1 0.03710083
1 16.75 16 3 0 0 0.005039894
1 10 23 3 0 0 0.0703513
1 12 21 3 1 0 0.06786773
1 18 12 4 0 0 0.01142186
1 16 19 3 0 1 0.0063432
1 21 10 4 0 0 0.05505766
1 14 23 3 0 1 0.007286952
1 10 40 3 0 0 0.03743162
1 10 48 3 0 0 0.01822759
1 10 63 2 0 0 0.01326311
1 9 79 2 1 0 0.02397235
1 14 76 3 0 0 0.03030603
1 15 19 3 0 0 0.01392549
1 12 41 3 0 0 0.03414721
1 17 31 3 0 0 0.003405865
1 13 34 3 0 0 0.000890988
1 17 16 3 0 0 0.00156347
1 25.42 10 5 0 0 0.00384091
1 13 15 3 0 0 0.04097771
1 10 84 2 0 0 0.03115594
1 12 38 3 1 0 0.01027119
1 23 33 4 1 0 0.000423216
1 10 41 3 0 0 0.06857868
1 17 79 3 0 1 0.03696736
1 18 68 3 1 1 0.0263061
1 13 21 4 0 1 0.06957877
1 25 45 3 0 0 0.02251378
1 17 52 3 0 0 0.03178628
1 13 26 3 1 0 0.01466643
1 10 72 2 0 1 0.01105854
1 14 71 3 0 0 0.02862337
1 10 40 3 0 0 0.03535154
1 14 4 3 0 0 0.09022329
1 18.23 74 3 0 0 0.02438394
1 29 18 3 1 1 0.09995218
1 15 20 3 1 0 0.02216354
1 26 19 3 0 0 0.01236468
1 23 39 3 1 0 0.03680079
1 12 47 3 0 0 0.004080279
1 9 48 2 0 1 0.008444725
1 11 79 2 0 0 0.01321338
1 11 39 3 1 0 0.05220171
1 27 6 4 0 0 0.01812209
1 19.91 18 3 0 0 0.00865085
1 26.83 3 5 0 0 0.02418471
1 21.88 74 3 0 0 0.03680504
1 15.64 7 3 1 0 0.02281792
1 14.62 58 3 1 0 0.03258364
1 11.58 21 3 0 0 0.07024946
1 8.03 11 2 0 0 0.08419467
1 32.78 41 4 1 0 0.02962544
1 9.65 48 3 0 1 0.008235842
1 17.25 32 3 0 0 0.02079726
1 22.69 29 5 1 0 0.03244832
1 17.64 38 3 1 1 0.02047668
1 15.52 20 3 0 0 0.009382959
1 8.16 87 2 0 0 0.01069885
1 26.38 3 4 0 1 0.01351176
1 9.99 59 2 1 0 0.02010033
1 13.28 68 2 1 0 0.02403049
1 10.77 60 2 0 0 0.01641437
1 15.41 26 4 0 1 0.05440432
1 9.95 57 2 0 0 0.04194304
1 14.24 59 3 1 0 0.04268298
1 14.31 24 3 0 0 0.01106872
1 20.61 43 3 0 0 0.01332771
1 11.97 36 3 0 1 0.1101746
1 12.42 14 3 1 1 0.001528018
1 16.44 19 3 0 1 0.03761819
1 18.71 28 3 0 0 0.007207875
1 22.26 19 4 1 0 0.008429689
1 19.31 42 3 0 1 0.01309472
1 16.36 43 3 0 0 0.02735066
1 24.06 27 4 0 0 0.00628916
1 11.03 58 2 1 0 0.02662213
1 8.89 48 2 1 0 0.04079617
1 15.16 31 3 1 1 0.003390312
1 14.09 34 3 1 0 0.01158280
1 13.95 18 3 0 0 0.02981277
1 10.76 5 3 0 0 0.006844562
1 19.94 8 3 0 0 0.02566076
1 21.86 11 3 0 1 0.000478877
1 10.64 0 3 1 0 0.01193736
1 12.43 49 2 0 0 0.01279272
1 23.72 23 5 0 0 0.005141043
1 28.77 12 4 0 0 0.01059822
1 11.12 50 2 1 0 0.01622835
1 12.93 44 3 0 1 0.04226490
1 16.65 32 3 0 0 5e-05
1 10.47 48 2 0 0 0.003079108
1 18.85 7 4 0 0 0.01445668
1 23.9 3 4 0 0 0.01283310
1 11.88 15 3 0 0 0.003512497
1 16.44 20 3 1 0 0.03347063
1 15.11 15 3 1 0 0.03975830
1 20.26 57 3 0 0 0.02200701
1 18.77 20 3 0 0 0.04066105
1 11.01 48 3 0 0 0.02936007
1 17.7 45 4 0 0 0.02511319
1 15.22 38 3 0 0 0.01269447
1 12.9 83 2 1 0 0.03332958
1 13 39 3 0 0 0.04600422
1 26.17 21 5 0 0 0.007438036
1 14.61 18 3 1 1 0.0155888
1 21.17 22 3 0 0 0.01946337
1 10.1 50 3 1 0 0.01980616
1 17 14 3 0 0 0.01538771
1 22.42 8 3 0 0 0.01220156
1 11.87 73 2 0 0 0.02837583
1 17.21 19 3 0 0 0.001750213
1 25.15 74 5 1 1 0.03252929
1 16.98 20 3 0 0 0.02574760
1 18.9 9 4 1 0 0.06458091
1 15 24 3 0 1 0.01216993
1 10.74 81 2 0 1 0.03485349
1 15.52 19 3 0 1 0.00719946
1 10.4 73 2 1 0 0.03539793
1 15.35 79 2 0 1 0.03403396
1 10.56 37 3 1 0 0.1088613
1 14.42 27 3 1 0 0.04839343
1 11.62 51 2 0 0 0.02378353
1 13.1 5 3 0 1 0.09022612
1 11.53 23 3 0 0 0.04992769
1 20.68 34 4 0 1 0.02191603
1 16.04 9 3 0 0 0.05965599
1 14.16 62 3 1 0 0.0369416
1 16.42 24 3 0 0 0.03232134
1 16.24 39 2 0 0 0.04352186
1 11.2 75 2 1 0 0.01510644
1 16.44 21 3 0 0 0.03819011
1 12.01 52 3 0 0 0.01794387
1 10.54 42 3 1 0 0.07718813
1 12.29 51 3 0 0 0.01294529
1 7.12 63 2 1 1 0.07384293
1 22.38 18 4 0 0 0.01732636
1 12.35 43 4 0 0 0.02028231
1 16.01 39 4 0 0 0.04483965
1 9.6 24 3 1 0 0.05263738
1 15.63 8 3 0 0 0.05388954
1 11.39 48 2 1 0 0.01072627
1 17 40 4 1 1 0.02838649
1 20.83 51 4 0 0 0.02712998
1 18.64 60 3 1 0 0.03504465
1 18.67 13 3 0 0 0.01241823
1 11.88 15 2 1 0 0.000334345
1 16.78 68 3 0 0 0.03872182
1 15.45 23 3 0 0 0.008833213
1 14.58 19 3 0 1 0.05609601
1 11.21 52 2 0 0 0.02665455
1 13.45 44 3 1 0 0.01552272
1 17.97 50 3 1 1 0.01883465
1 16.53 37 3 0 0 0.01002658
1 9.71 79 2 0 0 0.04733549
1 12.78 43 3 0 0 0.02139312
1 15.51 21 3 0 0 0.0365168
1 16.08 37 3 0 0 0.04803498
1 26.78 9 5 0 0 0.0536661
1 8.16 64 2 1 0 0.01930394
1 9.48 48 2 0 0 0.01253111
1 10 39 3 0 1 0.01448131
1 10.82 49 2 0 0 0.07668435
1 23.89 30 5 1 1 0.03318418
1 13.53 62 2 1 1 0.03412093
1 22.69 11 4 0 1 0.009679093
1 11.67 70 2 1 1 0.03338445
1 14.03 61 2 0 0 0.03510128
1 12.31 24 3 0 0 0.06937095
1 9.02 15 2 1 1 0.002976132
1 15.7 28 3 1 0 0.000122288
1 14.05 25 3 1 1 0.003511186
1 14.44 9 3 1 0 0.07497321
1 18.66 19 4 0 0 0.02024724
1 19.02 62 3 0 0 0.03360157
1 11.03 42 3 0 1 0.007042099
1 15.6 17 3 1 1 0.01591425
1 14.14 34 3 0 0 0.01103137
1 12.04 27 3 1 1 0.001255749
1 18.32 24 4 0 0 0.03780766
1 9.57 46 2 1 1 0.01807674
1 20.64 17 3 0 1 0.01274072
1 14.39 23 3 0 0 0.0123743
1 9.96 48 2 1 1 0.005079588
1 13 62 2 0 1 0.02780463
1 18 9 4 0 0 0.05344187
1 9.57 46 2 1 0 0.01786810
1 15.06 40 3 1 1 0.02464279
1 15.99 74 2 1 1 0.03289152
1 34.47 19 3 1 0 0.009484142
1 16.76 35 3 0 0 0.000597613
1 13.19 37 3 0 0 0.04646116
1 12.17 5 3 0 0 0.004802767
1 12.15 21 3 1 0 0.07210058
1 10.14 48 3 1 1 0.04299912
1 23 22 4 0 0 0.01859500
1 22.93 20 4 0 0 0.01826025
1 13.19 6 3 0 0 0.05265697
1 21.4 38 3 0 0 0.004349893
1 16.01 38 3 1 1 0.01138285
1 10.23 48 3 0 0 0.000808496
1 15.57 39 3 0 0 0.01498408
1 17.66 8 3 1 1 0.000595302
1 11.93 45 2 1 1 0.05878252
1 19 41 3 0 1 0.01814916
1 9.9 75 2 0 1 0.03450459
1 11.04 47 3 0 1 0.04287828
1 16.4 3 4 0 1 0.06910913
1 21.86 9 4 1 1 0.006949158
1 17.75 35 3 0 1 0.1068983
1 13.28 19 3 0 1 0.007478454
1 23.05 25 3 0 0 0.000800875
1 20.13 24 4 0 0 0.008392237
1 21.71 24 2 0 0 0.04328584
1 11.63 50 3 0 0 0.01017642
1 28.41 27 4 0 1 0.007677026
1 16.78 10 3 1 1 0.06484066
1 11.87 21 3 1 0 0.01887900
1 21.27 50 2 0 0 0.02717985
1 25.47 3 5 0 0 0.05203249
1 10.4 17 3 0 0 0.07417434
1 20.77 9 4 0 1 0.06409993
1 12.3 74 2 0 1 0.04187624
1 32.33 6 4 0 0 0.01286797
1 14.52 37 3 0 1 0.00642207
1 16.64 52 3 0 1 0.01623404
1 21 19 3 0 1 0.01310234
1 12.54 45 3 0 0 0.01190063
1 22.33 61 3 0 0 0.03171721
1 22.73 9 3 0 0 0.06175873
1 14.34 46 3 0 0 0.01035040
1 12.24 40 3 0 0 0.02472967
1 13.21 45 3 1 0 0.007721272
1 35.57 19 6 1 1 0.01165567
1 16.42 31 3 0 0 0.04599922
1 11.18 45 3 0 0 0.06964915
1 16.77 46 3 0 1 0.02807418
1 15.9 17 3 1 1 0.03846390
1 13.18 24 3 0 0 0.005847563
1 17 17 3 0 0 0.00275304
1 13.14 49 3 1 1 0.02962872
1 14.27 11 3 0 0 0.004098281
1 19.89 22 4 1 1 0.006331406
1 21.24 18 4 1 1 0.01132002
1 11.07 48 2 0 1 0.01096143
1 11.05 52 2 1 0 0.02224341
1 13.54 75 2 1 1 0.02718281
1 9.58 53 2 0 0 0.01367178
1 11.18 49 3 0 0 0.02860910
1 16.95 20 3 0 0 0.03591212
1 12.49 21 3 0 0 0.07285662
1 16.45 9 4 1 0 0.07617985
1 9.39 48 2 0 0 0.02107836
1 11.96 28 4 0 0 0.03542055
1 21.23 20 4 0 0 0.008191768
1 16.16 52 3 1 1 0.02729003
1 22.62 9 4 0 0 0.000914645
1 17.58 51 2 1 0 0.02872376
1 25.33 1 4 0 0 0.02398462
1 12.79 77 2 0 0 0.02575201
1 15.48 14 3 0 1 0.02055400
1 17.96 5 4 0 0 0.001452769
1 14.22 20 2 0 1 0.05973645
1 15.38 16 4 0 1 0.01943309
1 9.6 16 3 0 1 0.04926459
1 10.64 0 3 1 1 0.07908232
1 9.6 16 3 0 1 0.04924596
1 13.5 34 3 0 0 0.04700618
1 9.6 70 2 0 0 0.06513448
1 20 9 4 1 0 0.06148863
1 13.92 36 3 1 1 0.002484909
1 9.86 71 2 1 0 0.04600418
1 10.42 6 3 0 1 0.05308094
1 14.65 3 3 0 0 0.03019547
1 14.16 75 2 0 1 0.02857026
1 17.3 21 3 0 0 0.03796547
1 16.44 19 3 0 0 0.03749535
1 11.55 20 3 0 0 0.07494866
1 11.88 43 3 1 1 0.04530853
1 11.18 76 2 1 0 0.03054891
1 10.64 42 3 0 1 0.00781535
1 11.23 59 2 0 1 0.05928858
1 12.66 74 2 0 0 0.03689508
1 18.85 9 4 0 0 0.06138
1 16.87 22 3 1 0 0.004337719
1 12.28 21 3 0 1 0.07401618
1 11.2 21 3 0 1 0.07095532
1 10.49 56 2 0 0 0.0753496
1 21.84 21 4 0 1 0.03258543
1 29.04 2 4 0 1 0.02374201
1 18.22 41 3 1 0 0.01811623
1 11.53 58 2 0 1 0.03396526
1 17.45 44 3 1 1 0.0147214
1 11.62 81 2 1 0 0.04587493
1 14.93 3 3 0 1 0.005354064
1 7 73 2 0 1 0.06142935
1 18.77 17 3 0 0 0.04142768
1 14.52 39 3 0 1 0.0080651
1 11.12 37 3 1 0 0.04164626
1 25.54 17 4 1 1 0.0147114
1 15.52 12 3 0 0 0.01503485
1 18.76 45 3 0 0 0.02545329
1 12.7 51 2 0 1 0.02054431
1 17.46 32 4 1 0 0.04672436
1 25.64 44 3 0 0 0.02226145
1 17.66 4 3 1 0 0.01358846
1 15.33 10 3 0 1 0.0635894
1 19.01 33 4 0 0 0.04798187
1 26.27 23 5 0 0 0.005998337
1 14.28 6 3 0 1 0.01426946
1 21.58 27 4 0 1 0.00701151
1 21.34 21 4 0 0 0.03795415
1 19.84 19 4 1 1 0.00572762
1 20.41 74 5 0 1 0.0413735
1 28.19 16 4 0 0 0.01107775
1 14.47 26 3 1 0 0.02053896
1 16.88 11 3 0 1 0.07114579
1 11.43 18 3 1 0 0.07659069
1 10.12 49 4 1 0 0.01563011
1 22.1 14 4 0 1 0.02011064
1 15.02 3 4 0 1 0.06963822
1 15.52 22 3 0 0 0.03113987
1 17 17 3 0 1 0.009849179
1 14.9 24 3 1 1 0.006069586
1 7.18 51 1 1 1 0.04417724
1 16.9 3 4 0 1 0.06813862
1 19.9 33 3 0 1 0.02130138
1 14.52 25 3 1 1 0.01467774
1 15.18 9 3 0 1 0.01446272
1 13.51 48 3 0 1 0.004492218
1 8.32 50 2 1 1 0.02387944
1 17.41 40 3 0 0 0.02424568
1 18.9 9 4 0 0 0.06459422
1 14.79 52 3 0 0 0.02767652
1 20.54 17 4 0 1 0.00308935
1 25.72 19 4 0 0 0.006004096
1 21.16 11 4 1 1 0.01510289
1 23.23 68 4 0 1 0.02078550
1 15.83 9 3 0 1 0.01211989
1 13.46 77 2 0 1 0.03710272
1 15.05 25 3 0 0 0.04998745
1 26.06 31 4 0 0 0.01139251
1 17.58 23 3 0 1 0.006973713
1 11.65 44 4 1 1 0.01593359
1 11.8 59 2 1 1 0.04485231
1 16.82 30 4 0 1 0.04780085
1 10.64 0 3 1 1 0.07713433
1 9.6 20 3 0 1 0.07477926
1 17.58 21 3 0 0 0.05226593
1 11.58 22 3 0 0 0.0656445
1 22 22 4 0 1 0.03835961
1 12.57 23 3 0 1 0.004726931
1 22.26 20 4 0 1 0.0210426
1 12.23 31 3 0 1 0.04928638
1 27.07 53 3 0 1 0.03471886
1 22.26 20 4 0 1 0.02647105
1 13.91 44 3 0 0 0.02870238
1 18.95 7 3 0 1 0.009717959
1 26 30 5 0 1 0.005605573
1 18.32 20 4 0 1 0.03511821
1 12.86 43 3 1 1 0.001580955
1 14.7 3 3 1 1 0.06594457
1 11.04 46 3 1 1 0.001481358
1 33.01 44 3 0 1 0.02865783
1 15.16 30 3 0 0 0.01236330
1 17.23 7 3 0 1 0.01000957
1 11.63 52 2 1 1 0.02039377
1 14.55 8 4 0 1 0.07540974
1 12.24 39 3 1 1 0.01291191
1 14.33 19 3 1 1 0.004598677
1 23.25 5 4 0 1 0.01878520
1 13.72 73 3 1 1 0.02303273
1 21.4 22 3 0 0 0.009169765
1 12.71 19 3 0 1 0.06332633
1 14.66 38 3 1 1 0.03846152
1 14.9 20 3 0 1 0.07253483
1 14.98 71 3 0 1 0.03858187
1 12.95 58 2 0 0 0.03867878
1 23 49 3 0 1 0.02870486
1 10.04 52 3 1 1 0.0208472
1 11.96 28 4 1 1 0.03588756
1 13.3 8 3 0 1 0.06192781
1 15.25 50 3 1 1 0.04285159
1 23.25 6 4 0 1 0.007610847
1 15 0 3 0 0 0.000571679
1 13.49 51 3 0 1 0.02949439
1 15.57 27 4 1 1 0.01351862
1 8.35 77 2 1 1 0.04630566
1 14.07 44 3 0 1 0.03882666
1 14.52 75 3 0 1 0.04004688
1 16.52 40 3 1 1 0.009327229
1 19.47 43 3 0 1 0.01495505
1 20.1 13 4 0 1 0.007927155
1 15 10 3 0 1 0.05436683
1 16.77 19 3 0 1 0.006550325
1 12.76 56 3 1 1 0.03879217
1 30.5 20 5 0 1 0.01083604
1 13 31 3 0 1 0.04368643
1 15.01 21 3 1 1 0.03888459
1 9.27 50 2 0 1 0.01350469
1 19.71 5 4 0 1 0.03304624
1 11.34 16 3 1 1 0.05808373
1 8.86 53 2 1 0 0.0676334
1 13.82 38 3 0 1 0.03147594
1 22.26 20 4 1 0 0.01362781
1 14.57 22 3 0 1 0.007916878
1 13.01 20 4 1 1 0.07420048
1 11.25 60 2 0 1 0.04608371
1 9.6 20 3 0 0 0.07513968
1 17.7 22 3 1 0 0.004948609
1 15.45 24 3 0 1 0.009938533
1 10.54 78 2 0 1 0.03464864
1 12 40 3 0 1 0.04484024
1 13.74 14 3 0 1 0.02072953
1 11.13 39 3 0 1 0.05307125
1 16.88 18 3 0 1 0.01242358
1 18.11 46 4 0 1 0.01846896
1 15.33 5 4 0 0 0.05254392
1 18.78 53 3 0 1 0.01953648
1 11.34 16 3 0 1 0.05708842
1 18.27 65 2 0 0 0.02176936
1 22.26 21 4 0 0 0.03363464
1 15.91 34 3 0 1 0.001565953
1 13 47 3 0 1 0.008201769
1 25.1 21 5 0 1 0.009936602
1 25.47 3 5 0 1 0.05243312
1 18.06 9 3 0 1 0.008663506
1 11.36 18 4 1 1 0.0741432
1 12.22 13 3 0 0 0.002784802
1 8.7 50 2 1 1 0.004713033
1 14.33 20 3 0 1 0.02685412
1 10.2 52 2 0 1 0.02382854
1 9.77 52 2 1 1 0.04947985
1 20.86 9 3 0 0 0.000145498
1 11.36 20 4 1 1 0.07877426
1 20.72 24 5 1 0 0.001604302
1 21.75 9 4 0 0 0.01038172
1 11 29 3 0 0 0.04258766
1 16.98 20 3 1 0 0.01456594
1 17.6 12 3 0 1 0.008400307
1 14.05 13 3 1 1 0.05621471
1 19.04 20 4 1 0 0.03197599
1 15.86 37 3 0 1 0.006373375
1 13.52 3 3 0 1 0.06415559
1 15.03 9 3 0 1 0.01442247
1 16.39 51 2 0 1 0.04132277
1 29 1 5 0 0 0.02866190
1 16.87 22 3 0 1 0.004690721
1 13.62 12 3 1 1 0.008985539
1 22.08 8 4 1 0 0.01049852
1 11.65 30 3 1 1 0.0471602
1 14.58 40 3 0 0 0.02065704
1 21.58 5 4 1 1 0.023959
1 26.9 9 3 0 0 0.000240162
1 18.32 69 3 0 1 0.02681181
1 23 5 4 0 1 0.01017076
1 8.52 50 2 1 1 0.04025084
1 12.29 24 3 0 1 0.04951423
1 19.28 79 3 0 1 0.02569649
1 20.65 69 4 0 0 0.04057028
1 12.1 36 3 1 1 0.04006161
1 19.41 44 2 0 1 0.02472394
1 16.91 4 3 0 1 0.03008094
1 15.35 15 3 1 1 0.006400344
1 15.54 40 3 1 0 0.04477685
1 10.5 41 3 0 1 0.04783837
1 10.77 93 2 1 1 0.04238944
1 10.63 42 3 0 1 0.03562871
1 10.4 27 3 0 1 0.03561512
1 10.14 48 3 0 0 3.67e-05
1 16.33 7 3 0 1 0.009529215
1 9.93 56 2 0 1 0.02384592
1 16.9 5 4 0 1 0.06117463
1 8.32 76 2 0 0 0.02464176
1 16.52 30 4 1 1 0.03990904
1 8.04 52 2 0 1 0.04948713
1 15.98 70 2 1 1 0.02914122
1 15.33 9 3 1 0 0.06116394
1 18.36 23 3 0 1 0.03959801
1 15.14 30 3 0 1 0.03438169
1 11.29 47 3 0 1 0.02264242
1 22.26 20 4 0 0 0.02991313
1 21.84 84 3 0 1 0.02696965
1 11.36 19 3 1 1 0.07659052
1 9.62 48 3 0 1 0.005711273
1 16.34 10 3 0 0 0.05474335
1 11.58 20 3 0 0 0.07178223
1 15.33 5 4 1 0 0.05261807
1 14.01 14 3 0 1 0.06540055
1 8.98 48 2 0 1 0.02213781
1 19.42 15 4 0 1 0.01428053
1 9.72 47 3 1 0 0.007484661
1 15.98 22 3 0 1 0.03972292
1 18.78 19 3 0 0 0.0678378
1 15.05 54 3 1 1 0.02681978
1 9.15 53 2 1 0 0.04711047
1 16.21 20 3 1 1 0.03553115
1 22.66 19 4 0 0 0.006699995
1 26.45 22 4 1 0 0.01014811
1 14.81 73 2 1 1 0.03770516
1 22.68 11 5 0 1 0.005815043
1 10.92 37 3 0 1 0.03972351
1 9.76 52 2 1 1 0.01202571
1 11.1 76 3 1 0 0.08411973
1 15.63 9 3 0 1 0.05333976
1 17.77 2 4 0 1 0.0792962
1 8 53 2 1 0 0.07463507
1 18.85 9 4 0 1 0.06080452
1 14.99 32 4 1 1 0.04998024
1 13.32 52 2 1 0 0.05976921
1 13.74 14 3 1 1 0.02104777
1 12.66 31 3 1 1 0.04885423
1 16.07 39 4 0 0 0.04888913
1 13.91 45 3 1 1 0.04562649
1 30.23 11 4 0 0 0.00505931
1 14.67 19 4 1 1 0.06391667
1 12.11 54 3 1 1 0.0635874
1 19.39 51 2 0 0 0.06103931
1 31.78 20 3 0 0 0.01078738
1 21 7 4 0 1 0.01122415
1 11 49 3 1 1 0.04458901
1 18.95 23 4 1 0 0.03594581
1 8.5 59 2 0 1 0.06445714
1 20.01 3 4 0 0 0.03019405
1 11.97 42 3 1 0 0.01926228
1 11.2 37 3 1 1 0.04118776
1 15.22 40 3 1 1 0.01853545
1 11.95 22 3 1 1 0.02078930
1 10.64 0 3 1 1 0.08058361
1 13.01 20 4 0 0 0.07389617
1 21.98 25 4 1 0 0.004636853
1 26.72 20 5 0 1 0.009239323
1 18.11 10 3 1 0 0.003894019
1 19.43 9 4 0 1 0.06581945
1 15.13 59 3 1 0 0.03541834
1 10.03 45 3 1 0 0.000316515
1 15.14 16 4 0 1 0.01847510
1 15.61 14 3 0 0 0.01150128
1 23.86 77 4 0 0 0.03711910
1 15.76 49 3 0 0 0.02795006
1 11.4 53 2 0 1 0.02619168
1 15.52 20 3 0 1 0.0222241
1 12.54 45 3 1 0 0.03654325
1 14.98 4 4 0 0 0.06943258
1 13.08 80 3 0 0 0.04740536
1 10.64 0 3 1 1 0.07251155
1 11.06 44 3 1 1 0.04647827
1 26.22 11 3 0 0 0.000579301
1 14.1 27 3 0 1 0.01222397
1 11.18 42 3 0 0 0.02713808
1 15.52 20 3 0 1 0.02207036
1 13.3 25 3 0 1 0.003461699
1 22.09 12 4 0 0 0.009387373
1 9.92 44 3 1 1 0.05127517
1 16.74 12 3 0 1 0.005880808
1 16.45 9 4 0 1 0.07525631
1 13.9 30 3 1 1 0.04769691
1 19 9 4 0 0 0.06454173
1 21.15 23 4 1 0 0.006125281
1 18.03 44 2 0 1 0.02755616
1 28 17 3 0 1 0.005044653
1 10.14 52 2 0 1 0.06543583
1 11.58 59 2 1 1 0.04094267
1 11.5 38 3 0 1 0.05141463
1 14 33 4 0 1 0.05232942
1 18.67 12 4 1 1 0.01060250
1 16.63 23 4 0 0 0.005884946
1 14.27 12 3 1 1 0.009086515
1 14.11 74 3 1 1 0.02490899
1 11.75 31 3 0 1 0.04125894
1 19.04 23 4 1 1 0.03867054
1 17.69 91 3 0 0 0.03534385
1 16.94 9 3 0 0 0.06211476
1 13.28 20 2 1 0 0.0595166
1 18.72 10 4 0 1 0.01489104
1 19.84 19 4 0 1 0.01257001
1 13.93 32 2 0 0 0.05035656
1 12.24 52 2 0 0 0.05034835
1 8.04 52 2 1 0 0.04951513
1 11.16 78 2 1 0 0.02346143
1 15.73 9 4 0 1 0.06481445
1 13.19 17 3 1 1 0.07250927
1 9 73 3 1 0 0.04463722
1 10.72 15 3 0 1 0.05854609
1 19 78 4 1 0 0.0374451
1 11.98 43 3 0 1 0.04891583
1 15.27 23 3 0 0 0.0325556
1 26.01 54 5 1 0 0.03375745
1 10.81 54 2 1 1 0.04009137
1 23.88 25 4 0 1 0.003939678
1 12.92 17 3 0 0 0.000697485
1 12.92 74 2 0 1 0.0254955
1 14.13 33 3 0 0 0.0454303
1 11.99 57 3 0 0 0.04162291
1 11.58 20 3 0 0 0.07384727
1 19.49 43 3 0 1 0.01205941
1 13.01 22 4 0 1 0.06852328
1 14.7 51 2 0 1 0.03558815
1 14 5 4 0 1 0.0620729
1 11.65 44 4 1 0 0.01588652
1 17.61 77 4 0 0 0.03266599
1 19.73 9 4 1 0 0.06254908
1 26.78 10 5 1 0 0.05562986
1 16.93 44 3 0 0 0.0366294
1 22.96 7 4 0 1 0.01354387
1 13.28 68 2 1 0 0.02403049
1 13.95 18 3 1 1 0.07032888
1 19.66 9 4 0 0 0.01200016
1 13.13 19 3 1 0 0.005768107
1 8.8 92 2 1 1 0.04753527
1 19.71 38 3 0 0 0.02364749
1 20.86 9 3 1 0 0.000939406
1 19.14 12 4 0 1 0.005180702
1 14.04 58 3 1 0 0.07855703
1 10.86 76 2 0 0 0.03783801
1 18 10 4 0 0 0.05577184
1 13.85 10 2 0 1 0.06507917
1 11.64 20 3 1 1 0.05572649
1 25.92 14 5 0 0 0.02856078
1 8.89 51 2 1 0 0.02554416
1 17.79 40 3 0 0 0.02472128
1 21 37 3 0 0 0.1029828
1 11.54 17 3 1 1 0.0701313
1 14.87 31 3 0 1 0.04768905
1 14.42 49 3 0 0 0.01941223
1 9.65 18 2 1 0 0.06089184
1 21.05 9 3 0 0 0.0614709
1 14.81 71 3 1 0 0.01138972
1 14.25 51 2 1 0 0.03369317
1 20.17 17 3 0 0 0.01319024
1 13.83 75 2 0 0 0.03474317
1 21.04 1 3 0 0 0.01271920
1 15.19 18 3 0 0 0.01853686
1 9.57 46 2 0 1 0.01921534
1 14.7 19 3 1 0 0.05292882
1 13.95 16 3 1 0 0.06969343
1 11.58 19 3 1 0 0.07311085
1 23.09 10 5 1 0 0.004442937
1 9.88 59 2 0 1 0.07564025
1 18 50 2 0 0 0.0311517
1 20.61 1 3 0 0 0.01199795
1 23.88 25 5 0 0 0.006158491
1 19.55 7 4 0 0 0.06205682
1 10.25 53 3 0 0 0.02909542
1 11.1 22 3 1 0 0.06832784
1 14.05 19 3 0 0 0.06155146
1 26.78 9 5 1 0 0.05452654
1 7.8 54 2 1 0 0.04573395
1 12.96 20 4 0 0 0.05856574
1 10.56 38 3 0 1 0.03952959
1 16.17 44 3 0 0 0.02627658
1 14.26 28 3 0 0 0.04578526
1 10.2 52 2 1 0 0.01935570
1 17.1 38 3 1 0 0.001527846
1 7.44 59 2 1 0 0.0775263
1 9.84 58 2 1 0 0.07695121
1 14.96 28 3 0 0 0.04685379
1 9.41 52 2 0 0 0.03038335
1 13.32 39 4 0 0 0.03527443
1 12.48 21 3 0 0 0.0768573
1 27.27 12 5 0 0 0.01702301
1 14.75 4 4 0 0 0.06058336
1 12.64 60 2 1 0 0.03509759
1 15.01 21 3 0 0 0.03817024
1 10.63 41 3 0 0 0.03568634
1 11.75 32 3 1 0 0.0412318
1 23.9 4 4 0 0 0.008439621
1 20.3 20 3 0 0 0.02191521
1 12.22 15 3 0 0 0.05791813
1 9 50 3 1 0 0.07412961
1 17.9 17 3 0 0 0.01311738
1 13.82 29 3 0 0 0.04767125
1 22.01 7 4 0 0 0.01058639
1 11.36 19 4 0 0 0.07559441
1 17 4 3 1 0 0.03006538
1 8.7 50 2 0 0 0.004838012
1 12.71 3 3 0 0 0.06889138
1 19.82 44 2 0 0 0.02906052
1 12.14 48 3 1 0 0.005705135
1 22.09 12 4 1 0 0.01068054
1 16.23 72 3 1 0 0.03354843
1 13.05 50 2 1 0 0.01595598
1 12.45 14 3 1 0 0.001610475
1 10.83 60 2 0 0 0.04792538
1 27 6 5 0 0 0.000129117
1 12.06 46 3 1 0 0.0403675
1 11.18 22 3 0 0 0.06939961
1 18 4 3 0 0 0.03012760
1 19.14 20 4 1 0 0.02622185
1 13.82 42 3 1 0 0.03844255
1 11.39 49 2 0 0 0.01169551
1 9.9 47 3 1 0 0.01117545
1 14.55 17 3 1 0 0.01472026
1 9.08 63 2 0 0 0.01115176
1 14.22 20 2 1 0 0.05973645
1 25.25 9 4 1 0 0.0547197
1 10.72 16 3 1 0 0.06364119
1 16.33 6 3 0 0 0.007369443
1 15.51 21 3 0 0 0.03523391
1 9.12 48 2 1 0 0.006591432
1 15.19 18 3 0 0 0.01926700
1 15.36 93 3 0 0 0.03878521
1 24.17 10 4 0 0 0.06212511
1 12.57 15 3 1 0 0.06869623
1 11.72 58 2 1 0 0.0708391
1 10.2 23 3 1 0 0.05033359
1 13.62 21 3 1 0 0.03244701
1 14.53 33 3 0 0 0.04464153
1 11.8 59 2 1 0 0.0418868
1 19.08 23 4 0 0 0.008159868
1 12.33 79 2 1 0 0.03666109
1 16.49 23 3 0 0 0.03585304
1 17.02 17 3 0 0 0.01742209
1 12.5 35 3 0 0 0.00990515
1 21.36 6 4 0 0 0.01662166
1 10.33 34 3 0 0 0.04920065
1 13.13 19 3 1 0 0.006857115
1 13 11 3 0 0 0.06696522
1 15.19 67 3 0 0 0.03851504
1 11.51 40 3 0 0 0.0509611
1 13.84 37 3 0 0 0.04719965
1 11.52 35 3 1 0 0.04365791
1 14.05 19 3 0 0 0.0614916
1 18.93 20 3 0 0 0.0220795
1 14.27 12 3 0 0 0.01475706
1 13.4 76 2 0 0 0.02568176
1 17.83 20 3 0 0 0.004369378
1 10.78 27 3 0 0 0.08172704
1 12.86 34 3 1 0 0.002394176
1 14.67 57 4 1 0 0.07310116
1 12.72 20 3 0 0 0.01291004
1 16.72 22 3 0 0 0.0368288
1 14.51 19 4 1 0 0.06447434
1 19.96 19 4 0 0 0.02891409
1 13.08 52 2 1 0 0.02787340
1 18.67 33 4 1 0 0.0463946
1 11.18 22 3 1 0 0.06912379
1 11.58 49 2 0 0 0.02212333
1 12.62 53 3 0 0 0.01887983
1 14.55 9 4 1 0 0.07514689
1 10.26 39 3 1 0 0.04943378
1 13 20 4 1 0 0.07262408
1 10.53 43 2 1 0 0.0567936
1 15.19 19 3 0 0 0.03631012
1 21.34 21 4 0 0 0.03856311
1 16.06 50 3 0 0 0.01189508
1 13.39 59 2 0 0 0.03236248
1 11.7 39 3 0 0 0.03908196
1 11.16 79 2 1 0 0.0270818
1 12.24 36 3 1 0 0.01103137
1 15.02 2 4 0 0 0.06830177
1 11.04 46 3 1 0 0.04292097
1 15.49 10 3 0 0 0.002040588
1 11.54 19 3 0 0 0.07884071
1 15.6 19 3 0 0 0.02418495
1 16.95 20 3 1 0 0.03480983
1 16.03 34 4 0 0 0.0426425
1 12.48 26 3 0 0 0.0712917
1 9.14 49 2 1 0 0.03182825
1 13.36 19 3 0 0 0.07233343
1 12.84 22 3 1 0 0.0510179
1 22.27 20 3 1 0 0.02332259
1 14.14 2 3 0 0 0.09148738
