6.907755279
6.551080335
6.551080335
6.684611728
6.551080335
6.551080335
6.684611728
6.476972363
6.214608098
6.309918278
6.476972363
6.907755279
6.476972363
6.309918278
6.620073207
5.991464547
6.476972363
6.684611728
6.551080335
6.620073207
6.620073207
6.476972363
6.476972363
6.109247583
6.109247583
6.620073207
6.802394763
6.551080335
6.620073207
6.476972363
6.396929655
6.551080335
6.620073207
6.684611728
6.551080335
6.684611728
6.802394763
6.907755279
6.620073207
6.620073207
6.620073207
6.551080335
6.620073207
6.551080335
6.620073207
6.551080335
6.214608098
6.309918278
6.109247583
5.616771098
5.991464547
6.052089169
6.109247583
5.703782475
5.991464547
6.109247583
6.214608098
5.991464547
5.991464547
7.090076836
6.620073207
6.620073207
6.620073207
6.620073207
6.551080335
6.551080335
6.396929655
6.551080335
6.396929655
6.052089169
6.052089169
6.214608098
5.991464547
5.703782475
6.052089169
6.052089169
5.703782475
5.991464547
5.857933154
5.521460918
5.991464547
5.991464547
5.991464547
6.214608098
6.214608098
6.551080335
7.43838353
8.160518247
7.313220387
6.620073207
6.476972363
6.396929655
6.476972363
6.214608098
5.703782475
6.214608098
5.616771098
5.416100402
5.616771098
5.164785974
5.075173815
5.521460918
5.164785974
4.828313737
5.521460918
6.396929655
4.941642423
5.991464547
5.164785974
5.075173815
6.802394763
7.60090246
7.313220387
8.006367568
7.824046011
7.090076836
5.075173815
5.010635294
5.220355825
5.416100402
4.828313737
4.49980967
5.164785974
5.010635294
4.828313737
5.075173815
5.010635294
5.010635294
5.010635294
5.010635294
4.828313737
5.416100402
5.416100402
5.247024072
5.416100402
5.521460918
5.521460918
6.396929655
5.926926026
8.29404964
9.210340372
8.987196821
9.047821442
4.828313737
4.700480366
4.49980967
4.49980967
4.605170186
4.605170186
4.605170186
4.605170186
4.605170186
4.700480366
4.700480366
5.010635294
4.828313737
5.075173815
5.521460918
6.745236349
8.160518247
10.30895266
4.787491743
4.49980967
5.075173815
4.700480366
5.010635294
5.164785974
4.828313737
5.010635294
4.905274778
4.941642423
4.828313737
5.010635294
5.572154032
5.164785974
6.620073207
6.214608098
6.052089169
6.907755279
6.856461985
6.533788838
5.075173815
5.075173815
5.247024072
5.010635294
5.298317367
5.991464547
5.521460918
5.416100402
5.416100402
5.521460918
5.416100402
5.783825182
5.521460918
5.783825182
5.521460918
5.049856007
5.743003188
5.641907071
5.521460918
5.521460918
4.828313737
5.783825182
5.783825182
5.857933154
5.857933154
5.416100402
5.010635294
5.521460918
4.828313737
5.164785974
4.605170186
4.49980967
4.700480366
4.700480366
4.828313737
4.941642423
5.164785974
5.616771098
5.857933154
6.052089169
6.396929655
5.991464547
6.052089169
6.052089169
5.991464547
5.703782475
5.991464547
5.703782475
5.521460918
6.109247583
5.616771098
5.703782475
5.298317367
5.298317367
5.247024072
5.298317367
4.605170186
4.605170186
4.700480366
4.605170186
4.406719247
4.605170186
4.406719247
4.406719247
4.406719247
5.010635294
4.828313737
4.828313737
6.309918278
6.551080335
4.828313737
6.907755279
7.313220387
7.313220387
5.991464547
5.521460918
6.109247583
6.052089169
5.783825182
5.298317367
5.298317367
5.298317367
5.135798437
4.700480366
4.828313737
4.828313737
4.700480366
4.828313737
4.700480366
5.010635294
4.672828834
4.828313737
4.828313737
5.075173815
5.010635294
4.672828834
4.718498871
5.010635294
4.605170186
5.416100402
5.521460918
4.828313737
6.396929655
5.164785974
5.298317367
5.857933154
5.857933154
5.857933154
5.703782475
5.521460918
5.521460918
5.298317367
5.521460918
5.521460918
4.828313737
4.828313737
4.828313737
4.605170186
4.718498871
4.605170186
4.718498871
4.700480366
4.605170186
5.075173815
4.828313737
5.298317367
5.164785974
5.247024072
5.703782475
4.828313737
4.941642423
4.941642423
4.605170186
5.010635294
5.857933154
5.616771098
5.521460918
4.700480366
4.941642423
4.605170186
4.828313737
4.605170186
4.49980967
5.117993812
5.075173815
5.521460918
5.298317367
5.010635294
5.416100402
5.164785974
5.010635294
5.010635294
5.164785974
4.828313737
4.718498871
4.605170186
5.010635294
5.703782475
5.521460918
5.616771098
5.521460918
5.164785974
4.49980967
4.828313737
4.718498871
4.605170186
4.605170186
4.605170186
4.605170186
5.010635294
4.828313737
4.828313737
4.828313737
4.828313737
4.941642423
4.828313737
5.521460918
5.416100402
5.298317367
5.521460918
5.164785974
4.605170186
4.718498871
4.700480366
4.605170186
4.605170186
4.605170186
5.164785974
4.605170186
4.605170186
4.356708827
5.298317367
5.521460918
4.143134726
4.605170186
4.605170186
4.605170186
4.605170186
4.605170186
4.605170186
4.317488114
3.688879454
4.143134726
5.298317367
5.521460918
5.298317367
5.135798437
5.298317367
