12.72189
11.54248
11.87687
11.46163
11.19821
11.8706
11.27340
11.77529
11.60824
11.71178
11.33857
11.47730
11.84940
11.95118
11.35627
11.87687
11.58525
11.93164
11.79056
11.59451
11.28972
11.61277
11.69525
11.82041
11.85296
11.66135
11.40199
11.91505
11.48761
12.32386
11.64395
11.98449
11.68267
12.03172
11.88793
11.50288
11.77491
11.77529
11.91839
12.0137
11.73607
12.15214
11.75979
12.10071
11.79622
11.95118
10.87805
11.71587
11.71178
11.82774
11.82774
11.45636
12.0137
12.12269
11.34982
12.03469
11.35041
11.76757
11.80932
11.22524
11.35041
11.74404
11.69441
11.67419
11.49272
11.36210
11.65269
11.19821
11.83863
11.28978
11.11988
11.65225
11.73527
11.58525
11.45105
11.99843
12.12811
11.50288
11.39583
11.65225
11.48195
12.01974
11.39527
11.56076
11.39639
11.30220
11.0021
11.55215
11.73206
11.98287
11.78859
11.26446
11.09877
11.72796
11.37366
11.80560
11.57496
11.49170
10.95518
11.26318
11.74324
11.429
11.82225
11.5759
11.28978
11.91839
11.27720
11.67844
12.0137
11.72804
11.67844
11.64833
11.60824
11.73607
11.62268
11.77529
11.84223
11.66993
12.0137
11.60778
11.33857
11.38452
11.58989
11.75587
11.95118
11.82774
11.31447
11.58058
11.66135
11.58058
11.32660
11.28978
11.68267
11.97666
11.50288
11.97003
11.41861
10.93311
11.34569
11.18442
11.67844
12.56024
11.59910
11.53077
11.0021
11.60824
12.03765
11.15625
12.71890
12.78689
11.35041
11.22524
11.06115
11.8706
11.60824
11.46163
11.75979
11.48247
11.69483
12.57764
10.98529
12.14950
11.27720
11.25156
11.95118
12.34562
11.26318
11.8706
12.11724
11.71994
11.30220
11.95054
11.99535
11.80186
11.96081
11.75979
12.20607
11.93164
11.49272
11.60824
11.97666
11.37939
11.69107
11.86076
11.30220
11.28978
11.66993
11.40701
11.45636
11.72400
11.79056
11.85104
11.56279
11.75979
11.36210
11.40701
11.35041
11.78295
11.63514
11.8838
12.25486
11.28978
12.83468
11.40756
11.61729
11.36210
11.77529
11.58989
11.34451
11.45105
11.5759
11.48247
11.65703
11.58989
12.56024
11.84940
12.08391
11.51293
11.46163
12.76569
11.58058
12.7367
12.26434
11.14114
11.65269
11.48195
11.75942
11.76757
11.64395
12.09514
11.74404
12.10071
11.35393
12.59473
11.98293
11.56172
11.15625
12.67608
11.28916
11.51293
11.32660
11.67181
11.79810
11.98293
11.8706
11.21182
12.48749
11.56172
11.39639
11.59910
11.64395
11.11245
11.65269
11.90497
12.56024
11.71994
12.32829
11.79056
11.28916
11.22524
11.56172
11.35041
12.44902
11.80560
11.48761
11.51243
11.22524
11.79810
11.60824
11.27720
11.86358
11.35041
11.73607
11.61909
11.35041
11.34982
11.37366
12.10071
11.27085
12.09793
11.65269
11.66135
11.73607
11.76757
11.85652
11.83501
11.67419
11.38509
11.62625
11.42954
11.64395
11.68646
10.93311
12.13886
11.81303
11.79810
11.28351
11.68267
11.64395
11.53762
11.33857
11.51293
11.95761
12.64110
11.69525
11.96718
11.48761
11.38509
11.80560
11.16691
11.71994
12.23077
11.88449
11.79056
11.46163
11.63071
11.70767
11.65182
11.64395
11.77529
11.72804
11.38509
12.00762
12.18842
11.88449
11.38509
11.30220
11.81303
12.04355
11.81303
12.79386
11.71178
11.46163
11.35569
11.79810
11.40756
11.88449
11.31447
11.53273
11.48247
11.44035
11.40199
11.84223
11.39639
11.68688
11.37939
11.69525
11.79810
11.964
11.34923
11.68688
11.40756
11.15625
12.04355
11.50288
12.02275
11.79056
11.92172
11.87409
11.53273
12.56024
11.98230
12.25486
11.50288
12.30138
12.0137
11.58525
11.71096
11.35041
11.54151
11.28916
11.20504
11.40701
11.97666
11.91839
11.53273
11.39076
12.07254
11.45741
11.61458
12.52453
11.53273
11.28853
11.39639
11.30220
11.39076
12.10043
12.34801
11.69107
11.19821
11.49272
11.79773
11.30220
11.76679
11.66135
11.95118
10.94200
11.28916
11.90834
11.58989
11.48247
11.97666
11.31447
11.71587
11.61729
11.64395
11.40199
11.55215
11.59910
11.78295
11.15625
11.78295
11.73567
11.66135
12.42922
12.09514
11.14186
11.27720
11.98293
11.46845
11.76757
11.28978
12.44902
11.88450
11.32358
11.93164
11.12726
10.91327
11.08060
12.23028
12.12784
12.31043
11.66135
11.90497
11.69525
11.44839
11.67802
11.13459
11.45105
12.05641
11.83501
10.97678
10.91509
11.60824
11.79056
11.27085
11.84223
11.67419
11.77491
11.77529
11.78295
12.42118
11.79434
11.84904
11.71092
11.56172
11.76757
12.20607
11.19134
12.25486
11.41861
11.50288
11.86710
11.26446
10.94200
11.65269
11.17745
11.89819
11.25803
11.91839
11.77529
11.35041
11.63071
11.53273
11.28351
11.31447
11.88449
11.32055
12.12269
11.84940
11.71178
11.69525
12.46458
11.10496
11.42409
11.44035
12.11451
11.22524
11.63514
11.3679
12.07254
11.88449
11.80560
11.39639
11.52288
11.58989
12.15478
12.12811
11.86710
11.47210
11.21855
11.39639
11.35039
11.79245
11.46164
11.65703
11.69107
11.28916
11.26446
11.11914
12.13081
11.69525
11.60824
11.91772
11.93819
11.81266
11.58989
11.49272
11.67419
11.17745
11.35919
12.27839
11.60824
11.99535
11.84582
11.40701
11.71587
11.91806
11.49272
12.27816
11.30220
11.11245
12.16982
11.52781
11.18442
11.86358
11.91505
11.28351
11.36210
11.33260
11.30836
12.18075
12.11724
11.57118
12.07254
11.63071
11.67674
11.27085
11.01040
12.08673
11.51243
11.32055
11.81192
12.23077
11.38509
11.58058
11.45105
11.51293
11.65269
11.61729
11.77529
11.77144
11.49272
11.41861
11.58989
11.94471
11.34451
11.60824
11.55215
11.36210
12.0137
11.63071
11.51293
11.40199
11.44035
11.58989
11.67844
11.55215
11.66993
11.74006
11.64132
11.77529
11.58058
11.57119
11.98262
11.47210
11.51293
11.35041
11.89819
11.53273
11.84904
11.93819
11.25803
12.04061
11.36210
11.73607
11.82041
12.27839
11.87757
11.43496
11.28978
11.61729
11.93819
11.27720
11.95118
11.37366
11.39076
12.52453
11.81303
11.21855
11.25156
11.75194
11.84904
11.82774
11.41861
11.27720
11.32055
11.48247
11.37366
11.62625
11.65919
11.31447
12.12269
11.75587
12.06968
12.13350
11.53762
11.10496
11.21855
11.85652
11.15482
11.88449
11.76368
11.54248
12.46844
11.66993
11.57119
11.39639
11.51293
11.37366
11.82408
11.79434
12.56024
11.66993
12.57764
11.86429
11.22391
11.35041
11.35041
11.26446
12.62643
12.27839
12.27839
11.97666
11.77529
11.69483
11.40756
11.12726
12.27839
11.22524
11.73607
12.1043
12.17019
11.80111
11.12726
12.68231
11.25803
11.28978
11.32055
11.55215
11.54248
11.67419
11.71178
12.05815
11.66950
11.60778
11.84940
12.07254
11.88449
12.27816
11.81303
12.19602
11.32660
11.32660
12.0137
11.64395
11.65703
11.68267
11.96081
12.34583
11.50035
11.50791
12.20582
12.57764
11.40701
11.75587
11.80560
11.27720
12.11724
12.59980
11.75194
11.74324
11.51243
11.82774
11.73567
11.65225
11.87025
11.84904
11.76757
11.66565
12.38003
11.70355
11.89819
11.22391
11.77144
12.40901
11.58525
11.95118
12.43917
11.67844
11.79056
11.71178
11.57119
11.62178
11.48761
11.54248
11.60824
11.53762
11.28916
11.65269
11.38509
12.33929
11.76368
11.68688
11.73607
11.58525
11.28978
11.71096
11.46163
11.15625
11.51243
11.16542
11.96718
11.72804
11.76757
11.20504
11.62625
11.27720
11.55215
12.04326
11.99381
12.00457
11.73206
11.82115
11.47210
11.35041
11.68267
11.70355
11.54151
11.67844
11.13459
11.73607
11.62625
11.58058
12.04355
11.27657
11.38509
11.52288
11.15625
11.84940
11.66993
12.10071
11.79056
11.86358
11.35627
11.53273
11.91170
11.43172
11.58525
11.89136
11.92172
11.41861
11.58058
11.70355
11.50288
11.77529
11.25545
12.27839
11.65356
11.15611
11.69525
11.86358
11.38452
11.71178
11.67844
12.95984
11.95118
11.62581
11.81303
11.42960
11.0021
12.12811
11.8838
11.74404
12.34148
11.62625
11.38361
11.81303
11.93147
11.27720
11.89136
11.43496
11.51243
11.88793
11.86182
12.18587
11.73607
12.15452
11.81673
12.27839
11.31447
12.57418
11.72400
11.42954
12.25486
11.97666
11.32660
12.07824
11.40756
12.80765
11.90834
11.62625
12.41714
11.40701
12.42922
11.97666
11.72319
11.60824
11.28853
12.44114
11.58058
11.14186
11.96718
11.69525
11.67844
11.99843
11.45424
11.68688
11.77529
12.25486
11.32055
11.33857
11.33857
11.43496
11.67419
11.73567
11.45105
11.77452
11.32660
11.56172
12.23077
11.964
12.15478
11.99843
12.09514
11.47210
11.56172
11.9544
11.40756
11.72804
11.28978
11.45052
11.28978
11.56647
11.26446
11.92504
11.76368
11.22458
11.54248
11.83501
11.34805
11.82774
11.74404
11.39076
11.35041
11.27720
11.22524
11.16337
11.55215
11.91839
11.66993
11.37079
11.27720
11.15625
11.84904
12.60115
11.68688
11.56172
12.02575
11.18442
11.84223
11.10496
11.79773
11.99535
11.29694
12.15478
11.81303
11.91839
11.47730
11.53762
12.32608
11.91839
11.67844
11.65269
11.97572
11.89819
12.31268
11.89136
11.77529
11.77529
12.57764
11.70065
11.62402
11.30220
11.31447
12.07254
11.68688
11.65269
12.20607
11.49272
10.859
11.84223
12.04942
11.58525
11.69941
11.52288
11.14476
11.95118
11.84223
11.95118
12.25486
11.93164
11.87757
12.09514
11.83501
11.90497
11.56172
12.40901
11.8706
11.38509
11.21182
11.54829
11.41697
11.33857
11.66993
11.40199
11.84868
11.73607
11.97035
11.36210
12.46071
11.94146
11.31447
12.25248
12.51539
11.88449
11.39076
11.69525
11.11333
12.83468
11.77144
12.14950
11.33738
11.72804
11.70355
11.67419
12.52453
11.46163
11.98293
11.49781
11.58058
11.40756
11.91839
11.94471
12.15478
11.42954
11.12726
11.62893
11.56172
12.27139
11.84223
11.88449
11.72400
11.08214
11.49781
11.61729
11.96877
12.04942
11.84940
11.67844
11.79056
11.40199
12.4761
11.35041
11.57119
11.35035
12.07710
11.40756
11.0021
11.91839
11.8706
11.68688
11.41752
11.28978
11.22524
11.79810
11.70313
11.70767
11.65225
11.62625
11.42954
11.73567
11.77144
11.82041
11.66993
11.46163
12.08954
11.91839
11.81266
11.37366
12.29728
11.97666
11.8706
11.44035
11.55215
11.08199
11.54248
11.56172
11.28351
12.10043
11.33857
11.91806
11.98293
11.51293
11.83138
11.79434
11.50288
11.84582
11.86358
11.71953
11.82774
11.97666
12.69772
11.75194
11.78676
12.28535
11.51293
11.65703
12.08954
12.27839
11.77529
12.42320
11.41311
11.56172
12.13886
12.12757
11.40756
12.02575
12.03469
11.69441
11.69107
11.35041
11.30097
11.42954
11.63071
11.51243
12.10625
11.08214
11.79810
11.25156
11.72804
11.15625
11.62178
11.69525
11.84940
11.63426
11.63071
11.92338
12.05525
11.38282
11.45636
11.81303
11.44572
11.81303
11.65269
11.36210
11.88449
11.11988
11.69441
11.60778
11.89136
11.03650
11.74800
12.06681
12.46071
11.64395
12.05583
11.40756
11.33140
11.14186
11.65269
12.10043
11.05089
11.82774
11.51692
11.31447
11.71453
11.35041
11.65269
11.63514
12.69158
11.42954
11.27085
11.77491
12.43718
12.25486
11.48761
11.79434
11.28916
12.12811
11.39639
11.46163
11.76757
11.47210
11.40701
11.30836
12.0137
12.52453
12.07254
11.84940
11.81266
11.40199
11.84187
11.89136
12.15478
11.91672
11.52079
11.69525
11.28853
11.74800
11.33857
11.44035
11.35041
12.60485
11.76679
11.65269
11.84940
11.40701
12.04942
11.32055
11.75979
11.83501
11.47210
12.0137
11.91170
12.10071
12.57764
11.14548
11.81303
11.56172
11.66822
11.86640
11.84223
11.71178
11.47730
11.47210
11.81303
11.84940
11.78295
11.28978
11.96718
11.84582
11.40701
11.48247
11.26446
11.35041
11.79810
11.33619
11.25156
11.39583
11.89068
11.3679
11.84940
12.14153
11.49272
12.20607
11.79735
11.68688
11.59910
11.64395
11.40199
12.21850
11.52189
11.92504
11.73607
11.47626
11.93819
11.77529
12.00762
11.53224
12.54254
11.63071
11.46163
11.91839
11.71913
11.08214
12.18587
12.11176
12.04297
11.37366
11.19134
11.84223
11.72400
11.40701
12.12811
11.08137
11.94471
12.37582
11.33857
11.48761
11.40199
11.18442
11.95118
11.49272
11.69525
12.30138
11.47730
11.97666
11.8706
11.39397
11.35041
11.60824
11.47210
11.91772
11.36210
12.05525
12.38839
12.04297
11.90497
11.75979
11.22524
11.62625
12.0137
11.18373
11.77491
11.37939
11.71587
11.58989
11.27720
11.69316
11.00127
11.22524
11.62178
11.23849
11.59819
11.51243
12.16264
11.81266
11.74404
11.82041
11.35041
11.46163
12.39669
12.05525
11.47730
11.00127
12.25486
11.27720
12.36904
11.26446
12.06105
11.26318
11.77491
12.07254
11.58058
12.01067
11.75194
11.50288
11.68688
11.19134
12.30138
11.24505
11.30220
12.10349
11.71994
11.42471
11.3679
11.22524
11.76757
11.18442
11.33857
11.93819
11.49272
12.06105
11.73607
10.96820
11.76679
11.42409
12.0137
11.44572
11.31447
11.35041
11.65269
11.71178
11.35041
11.70355
11.61787
11.75194
11.77529
11.70355
12.42922
11.33857
11.74404
11.65225
11.80560
11.48247
11.49272
11.46163
11.68688
12.11176
11.75155
11.71994
12.02874
11.35627
11.69483
11.33857
11.73607
11.78257
11.51293
11.86358
11.47210
11.77452
11.34451
11.423
11.45052
11.66135
11.11988
11.40701
11.03004
11.73567
11.95118
11.48247
11.90497
11.46163
11.09741
11.69525
11.82774
11.45105
11.81732
11.34923
11.63514
11.75587
11.71178
11.55694
11.25156
11.50847
11.40478
12.04414
11.79810
