Common Well Name	Northing (ft)	Easting (ft)	Surf Elevation (ft amsl)	Thickness(ft)	A-B Elevation (ft amsl)	Thickness(ft)	B-C Elevation (ft amsl)	Thickness(ft)	C-D Elevation (ft amsl)	Thickness(ft)
76-1	669749	265343	5,009	7	4,983	9	4,921	0	4,790	>9
76-2	669352	266118	5,010	12	4,989	4	4,924	0	4,789	>32
76-3	669286	265161	5,010	18	4,988	3	4,917	26	4,790	>20
76-4	668889	266520	5,011	7	4,995	7	4,915	4	NA	NA
76-4a	668896	266495	5,011	2	4,995	8	4,915	3	4,790	>33
76-5	669808	266055	5,011	11	5,000	0	4,918	17	4,791	20
76-6	668734	268426	5,011	4	5,007	0	4,913	4	4,783	6
77-1	670623	266933	5,017	4	4,977	8	4,919	6	4,789	22
77-2	669579	265633	5,014	18	4,986	3	NA	NA	NA	NA
78-1	669037	267319	5,010	15	4,995	0	NA	NA	NA	NA
78-2	669782	268099	5,007	2	4,989	5	4,914	7	4,784	>30
78-3	669788	266151	5,011	4	4,999	0	4,919	0	4,786	>23
78-4	670650	266935	5,018	2	4,976	5	4,920	7	4,790	20
78-5	669365	265931	5,010	12	4,998	0	4,915	28	4,790	>30
79-1	668807	269783	5,010	5	5,005	0	4,897	28	4,785	5
79-2	669692	267171	5,011	13	4,987	3	4,913	4	NA	NA
79-3	668243	267807	5,008	13	4,995	0	4,909	4	4,780	29
88-02D	669441	267717	5,006	6	4,981	3	4,912	8	NA	NA
88-01D	669240	267059	5,008	18	4,990	0	4,907	4	4,781	>5
89-01D	669233	267132	5,009	22	4,987	0	4,908	7	4,781	>14
89-02D	669114	267021	5,011	16	4,995	0	4,910	9	4,780	7
93-01	669228	267112	5,009	20	4,989	0	4,903	4	4,781	>10
93-02	669234	267197	5,009	29	4,980	0	4,902	6	4,779	>8
9	654492	258101	5,032	9	5,000	0	4,878	38	NA	0
86	667053	243371	5,081	14	NA	0	NA	0	NA	0
87	670635	266881	5,016	3	4,975	5	4,920	0	4,787	15
88	667356	265453	5,020	5	5,015	0	4,917	11	4,789	33
89	669957	263286	5,029	10	4,985	0	4,932	14	4,798	14
90	668552	269602	5,010	5	5,005	0	4,906	22	4,763	5
91	669100	268150	5,006	9	4,997	0	4,910	15	4,777	19
92	669408	266121	5,008	19	4,989	0	4,922	5	4,790	28
93	669566	265067	5,010	13	4,997	0	4,914	12	4,792	11
93A	669566	265179	5,010	11	4,999	0	4,916	13	4,793	9
94	669150	266050	5,008	12	4,996	0	4,915	18	4,788	26
95	668770	267038	5,008	23	4,985	0	4,912	16	4,786	12
96	669750	265700	5,009	13	4,978	4	4,912	27	4,790	10
96B	669754	265337	5,009	14	4,977	5	4,911	28	4,791	>11
105	651355	277395	5,090	15	5,075	0	NA	0	NA	0
106	669059	280994	5,017	3	5,014	0	4,886	22	NA	0
108	650807	285611	5,033	7	5,026	0	4,844	82	4,715	0
109	651255	265736	5,045	1	5,044	0	4,873	12	NA	0
117	668800	265711	5,012	14	4,998	0	4,915	5	4,789	28
118	668007	267802	5,013	14	4,999	0	4,910	11	4,791	28
119	667780	267541	5,031	3	5,028	0	4,919	5	4,783	19
120	665237	264542	5,042	12	5,030	0	4,911	40	4,790	14
DO-2	669683	267180	5,012	15	4,984	3	4,914	5	4,789	>12
DO-6	669806	266863	5,012	3	4,973	9	4,925	0	NA	NA
DO-6A	669796	266860	5,012	2	4,971	>9	NA	NA	NA	NA
D-10	669739	265331	5,009	9	4,981	9	4,916	2	4,791	11
D-15	668966	264930	5,011	2	4,980	4	4,917	18	4,793	20
RWMC	669659	269011	5,005	7	4,998	0	4,909	6	4,786	17
TW-1	669689	267177	5,010	14	4,977	0	4,913	5	4,789	>17
test_w	665238	264743	5,042	3	5,039	0	4,912	10	4,788	20
WWW#1	669941	263210	5,036	5	4,992	11	4,931	16	4,805	21
WWW#2	669689	263116	5,036	3	5,001	10	4,933	>18	NA	NA
VZT-1	670702	266975	5,018	4	4,975	7	4,918	18	NA	NA
C-1	671675	269780	5,029	2	4,993	2	4,909	5	4,799	10
C-1A	671707	269792	5,029	4	4,993	0	4,911	4	4,799	12
Rif-Ran	685752	282883	4,967	9	4,958	20	4,849	0	4,821	0
HWY-3	687065	277159	4,981	21	4,960	14	4,835	0	4,816	0
EBR-I	674268	276993	5,024	11	5,013	0	4,900	24	4,788	5
A11A31	662517	268728	5,065	3	5,062	0	4,892	66	4,782	35
OW-1	665336	264794	5,042	5	5,037	0	4,915	30	4,787	14
OW-2	664910	264932	5,044	7	5,037	0	4,910	42	4,784	4
NA89-1	669083	259758	5,045	2	4,995	0	4,931	17	4,821	8
NA89-2	675154	257588	5,059	12	5,014	0	4,863	4	NA	NA
NA89-3	665178	264344	5,038	1	5,037	0	4,909	46	NA	NA
M1SA	668992	264962	5,011	7	4,980	5	4,917	20	4,790	20
M3S	670165	268700	5,016	5	4,989	3	4,910	15	4,792	3
M4D	667255	265510	5,023	8	5,015	0	4,914	29	4,787	28
M6S	666379	270722	5,066	7	5,059	0	4,900	10	4,746	18
M7S	671588	270921	5,005	9	4,996	0	4,908	6	4,782	0
M10S	668227	266882	5,022	6	5,016	0	4,910	24	4,789	27
VVE-1	669009	264964	5,011	8	4,980	6	4,917	22	4,792	>23
VVE-3	670163	268676	5,015	6	4,987	4	4,909	14	4,792	>10
VVE-4	667253	265486	5,022	8	5,000	15	4,916	31	4,787	>23
VVE-6A	666368	270684	5,066	4	5,062	0	4,903	14	NA	NA
VVE-7	671608	270919	5,004	14	4,990	0	4,887	11	4,784	>7
VVE-10	668241	266869	5,021	6	5,015	0	4,908	24	4,781	>18
1E	669475	268396	5,006	15	4,991	0	4,907	>7	NA	NA
1V	669619	268429	5,006	9	4,997	0	4,911	7	NA	NA
2E	669438	267553	5,008	15	4,979	3	4,912	>3	NA	NA
2V	668845	268259	5,006	7	4,999	0	4,910	9	4,767	>3
3E	669775	267147	5,012	5	5,007	0	4,913	3	NA	NA
3V	669690	267564	5,009	17	4,982	4	4,910	4	4,787	>2
4E	669265	266600	5,014	23	4,991	0	4,913	>4	NA	NA
4V	668980	267320	5,012	10	5,002	0	4,908	13	4,781	>4
5E	669403	265750	5,013	21	4,992	0	4,916	>4	NA	NA
5V	668885	266555	5,011	9	4,992	7	4,913	3	NA	NA
6V	669688	266352	5,017	10	4,986	7	4,926	4	4,793	>2
7V	669370	266113	5,009	15	4,987	7	4,925	10	4,786	>5
8V	669190	265723	5,012	21	4,991	0	4,914	37	4,786	>1
9V	669845	265754	5,014	20	4,994	0	4,913	20	4,786	>1
10V	669572	265022	5,013	10	4,993	9	4,916	14	4,789	>5
M11S	675132	274247	4,994	10	4,984	0	4,903	5	4,787	23
M12S	677145	280877	4,975	8	4,967	0	4,911	2	4,783	12
M13S	672953	276945	5,027	16	5,011	0	4,894	12	4,781	0
M14S	674610	266413	5,032	7	5,025	0	4,904	0	4,824	0
M15S	668207	271193	5,019	18	5,001	0	4,889	27	4,789	15
M16S	670185	271201	5,004	18	4,986	0	4,886	10	4,807	12
M17S	669364	267183	5,012	23	4,989	0	4,911	10	4,784	22
I-1S	669563	264936	5,013	8	5,005	0	4,913	11	NA	NA
I-1D	669563	265041	NA	NA	NA	NA	NA	NA	4,790	20
I-2S	669413	265632	5,014	18	4,996	0	4,911	11	NA	NA
I-2D	669427	265396	NA	NA	NA	NA	NA	NA	4,791	1
I-3S	669406	266280	5,012	16	4,985	2	4,914	4	NA	NA
I-3D	669405	266304	NA	NA	NA	NA	NA	NA	4,787	>11
I-4S	669462	266907	5,009	15	4,994	0	4,912	2	NA	NA
I-4D	669462	266932	NA	NA	NA	NA	NA	NA	4,787	>16
I-5S	669366	267132	5,012	32	4,980	0	4,913	>6	NA	NA
O-1	669140	264952	5,011	8	4,979	1	4,917	18	4,790	>15
O-2	668242	267356	5,014	5	5,009	0	4,907	18	4,771	7
O-3	670011	266496	5,010	8	4,975	9	4,919	12	4,789	>15
O-4	669607	264543	5,014	11	4,970	7	4,909	18	4,789	>19
O-5	669423	263931	5,021	2	4,976	6	4,916	23	4,789	26
O-6	668606	264939	5,013	10	4,982	6	4,905	14	4,789	>26
O-7	667762	264503	5,033	4	5,006	6	4,915	34	4,788	>4
O-8	668715	268351	5,010	8	5,002	0	4,910	0	4,777	>1
