strata sample lat long tcatch prerec recruits lgcatch
6350 1 40.55 -71.55 0 0 0 0
6350 2 40.46667 -71.51667 0 0 0 0
6350 3 40.51667 -71.71667 0 0 0 0
6350 4 40.38333 -71.85 1 0 1 0.6931472
6350 5 40.31667 -71.78333 0 0 0 0
6350 6 40.26667 -71.88333 0 0 0 0
6310 7 40.13333 -72.08333 2 1 1 1.098612
6310 8 40.06667 -72.16667 0 0 0 0
6310 9 40.1 -72.31667 7 3 4 2.079442
6310 10 40.01667 -72.4 13 6 7 2.639057
6310 11 39.9 -72.56667 530 286 244 6.274762
6310 12 39.81667 -72.48333 2750 2278 472 7.91972
6310 13 39.85 -72.58333 2060 1496 564 7.630947
6310 14 39.81667 -72.68333 1016 382 634 6.924612
6310 15 39.76667 -72.73333 1206 808 398 7.095893
6310 16 39.68333 -72.61667 30 25 5 3.433987
6280 17 39.58333 -72.65 110 59 51 4.70953
6280 18 39.5 -72.53333 0 0 0 0
6280 19 39.43333 -72.63333 0 0 0 0
6280 20 39.46667 -72.66667 722 271 451 6.583409
6280 21 39.43333 -72.73333 41 12 29 3.737670
6280 22 39.4 -72.8 39 10 29 3.688879
6280 23 39.31667 -72.73333 0 0 0 0
6280 24 39.33333 -72.85 94 10 84 4.553877
6280 25 39.26667 -72.81667 7 0 7 2.079442
6280 26 39.21667 -72.78333 0 0 0 0
6240 27 38.96667 -72.98333 0 0 0 0
6240 28 38.86667 -73.18333 33 6 27 3.526361
6240 30 38.76667 -73.18333 0 0 0 0
6240 31 38.65 -73.25 0 0 0 0
6240 32 38.6 -73.38333 1 0 1 0.6931472
6230 101 38.68333 -73.61667 344 79 265 5.843544
6230 102 38.65 -73.53333 942 326 616 6.849066
6230 103 38.73333 -73.51667 758 150 608 6.632002
6220 104 38.76667 -73.6 83 14 69 4.430817
6220 105 38.81667 -73.7 60 32 28 4.110874
6220 106 38.93333 -73.51667 27 13 14 3.332205
6230 107 38.88333 -73.43333 119 15 104 4.787492
6230 108 38.85 -73.35 482 165 317 6.180017
6230 109 38.93333 -73.28333 151 65 86 5.023881
6220 110 39.01667 -73.48333 20 4 16 3.044522
6220 111 39.15 -73.55 16 8 8 2.833213
6220 112 39.13333 -73.45 26 6 20 3.295837
6220 113 39.23333 -73.31667 18 6 12 2.944439
6220 114 39.3 -73.31667 30 3 27 3.433987
6230 115 39.33333 -73.21667 55 7 48 4.025352
6230 116 39.21667 -73.13333 86 18 68 4.465908
6230 117 39.13333 -73.15 1336 880 456 7.198184
6230 118 39.1 -73.18333 239 58 181 5.480639
6230 119 39.01667 -73.15 459 110 349 6.131226
6230 120 39.06667 -73.08333 229 62 167 5.438079
6230 121 39.18333 -73.1 105 62 43 4.663439
6230 122 39.28333 -72.98333 557 251 306 6.324359
6230 123 39.31667 -72.93333 5056 2896 2160 8.528529
6270 124 39.38333 -72.91667 2500 1740 760 7.824446
6230 126 39.38333 -73.11667 264 74 190 5.57973
6260 128 39.51667 -73.11667 10 2 8 2.397895
6250 129 39.51667 -73.15 8 6 2 2.197225
6260 130 39.65 -73.06667 28 1 27 3.367296
6270 131 39.65 -72.98333 46 13 33 3.850148
6270 132 39.55 -72.96667 370 173 197 5.916202
6270 133 39.6 -72.88333 316 66 250 5.758902
6270 134 39.51667 -72.88333 970 482 488 6.878326
6270 135 39.48333 -72.85 476 224 252 6.167516
6270 136 39.5 -72.73333 7084 4487 2597 8.865735
6270 137 39.55 -72.8 3246 2316 930 8.085487
6270 138 39.63333 -72.76667 322 216 106 5.777652
6270 139 39.71667 -72.85 0 0 0 0
6270 140 39.8 -72.95 0 0 0 0
6270 141 39.71667 -73 16 4 12 2.833213
6260 142 39.71667 -73.05 17 5 12 2.890372
6260 143 39.76667 -73.11667 15 5 10 2.772589
6270 144 39.81667 -73.06667 17 1 16 2.890372
6260 146 39.88333 -73.25 41 15 26 3.737670
6260 148 39.93333 -73.28333 4 0 4 1.609438
6260 149 39.9 -73.35 139 29 110 4.941642
6270 150 39.98333 -73.35 0 0 0 0
6260 151 40.01667 -73.28333 5 2 3 1.791759
6260 152 40.03333 -73.36667 3 1 2 1.386294
6260 153 40 -73.45 21 6 15 3.091042
6270 154 40.05 -73.48333 0 0 0 0
6260 155 40.11667 -73.56667 14 9 5 2.70805
6250 156 40.15 -73.55 4 1 3 1.609438
6270 157 40.13333 -73.61667 0 0 0 0
6260 158 40.16667 -73.66667 1 0 1 0.6931472
6250 159 40.21667 -73.55 0 0 0 0
6290 160 40.15 -73.28333 9 0 9 2.302585
6300 161 39.98333 -73.05 13 1 12 2.639057
6270 162 39.9 -73.11667 3 0 3 1.386294
6310 163 39.85 -72.98333 3 0 3 1.386294
6300 164 39.9 -72.91667 114 33 81 4.744932
6300 165 39.85 -72.78333 471 202 269 6.156979
6310 166 39.98333 -72.58333 842 556 286 6.736967
6300 167 39.98333 -72.75 326 254 72 5.78996
6300 168 39.98333 -72.81667 52 23 29 3.970292
6300 170 40.1 -72.91667 22 3 19 3.135494
6300 171 40.18333 -72.85 21 10 11 3.091042
6300 172 40.1 -72.81667 26 4 22 3.295837
6310 173 40.06667 -72.51667 91 33 58 4.521789
6310 174 40.15 -72.55 70 44 26 4.26268
6310 175 40.18333 -72.45 35 1 34 3.583519
6310 176 40.21667 -72.51667 42 12 30 3.7612
6310 177 40.23333 -72.68333 42 11 31 3.7612
6300 178 40.31667 -72.61667 20 2 18 3.044522
6300 179 40.4 -72.68333 17 8 9 2.890372
6290 180 40.51667 -72.68333 25 6 19 3.258097
6290 181 40.55 -72.48333 19 8 11 2.995732
6290 182 40.45 -72.53333 20 11 9 3.044522
6300 183 40.46667 -72.46667 41 29 12 3.737670
6300 184 40.4 -72.41667 46 23 23 3.850148
6300 185 40.31667 -72.43333 30 2 28 3.433987
6310 186 40.31667 -72.35 21 8 13 3.091042
6310 187 40.23333 -72.35 37 6 31 3.637586
6310 188 40.18333 -72.3 290 210 80 5.673323
6310 189 40.23333 -72.18333 207 72 135 5.337538
6340 190 40.91667 -71.76667 297 128 169 5.697093
6340 191 40.86667 -71.8 46 7 39 3.850148
6330 192 40.86667 -71.85 23 7 16 3.178054
6330 193 40.9 -71.95 1 0 1 0.6931472
6330 194 40.85 -72.06667 9 0 9 2.302585
6330 195 40.81667 -72.18333 20 4 16 3.044522
6330 196 40.81667 -72.3 0 0 0 0
6330 197 40.81667 -72.38333 0 0 0 0
6330 198 40.78333 -72.35 33 31 2 3.526361
6330 199 40.66667 -72.38333 28 15 13 3.367296
6290 200 40.58333 -72.38333 159 126 33 5.075174
6340 201 40.61667 -72.31667 62 45 17 4.143135
6340 202 40.56667 -72.25 76 11 65 4.343805
6340 204 40.56667 -72.18333 106 20 86 4.672829
6350 205 40.53333 -72.18333 71 17 54 4.276666
6300 206 40.5 -72.31667 50 13 37 3.931826
6310 207 40.43333 -72.28333 68 14 54 4.234107
6310 208 40.35 -72.25 24 7 17 3.218876
6310 209 40.31667 -72.15 26 4 22 3.295837
6350 210 40.36667 -72.1 11 1 10 2.484907
6350 211 40.45 -71.96667 3 3 0 1.386294
6350 212 40.56667 -71.98333 26 5 21 3.295837
6340 213 40.6 -72.01667 34 7 27 3.555348
6340 214 40.6 -72.13333 75 32 43 4.330733
6340 215 40.65 -72.16667 143 87 56 4.969813
6340 216 40.65 -72.08333 62 25 37 4.143135
6340 217 40.7 -72.05 31 20 11 3.465736
6330 218 40.73333 -72.05 230 160 70 5.442418
6340 219 40.71667 -71.98333 8 1 7 2.197225
6340 220 40.66667 -71.83333 114 35 79 4.744932
6340 221 40.73333 -71.88333 8 3 5 2.197225
6330 222 40.76667 -71.91667 8 0 8 2.197225
6340 224 40.75 -71.83333 38 8 30 3.663562
