#datainputSpatial - 

list(regions=81, num = c(8, 5, 3, 8, 5, 1, 6, 
7, 3, 5, 7, 7, 2, 2, 5, 6, 6, 7, 4, 8, 7, 6, 
6, 2, 8, 4, 4, 10, 4, 3, 7, 6, 5, 7, 7, 7, 5, 6, 4, 9, 4, 7, 
4, 5, 9, 3, 7, 5, 5, 4, 5, 6, 6, 5, 2, 6, 2, 8, 7, 6, 5, 6, 
3, 6, 6, 6, 6, 4, 10, 8, 3, 4, 2, 6, 5, 7, 7, 4, 7, 6, 
2),sumnum=441,
adj=c(2, 5, 6, 8, 11, 45, 75, 80, 
1, 8, 10, 11, 45, 
4, 8, 11, 
3, 8, 9, 10, 11, 12, 45, 81, 
1, 7, 53, 13, 80, 
1, 
5, 13, 44, 53, 73, 79, 
1, 2, 3, 4, 10, 11, 14, 
4, 12, 45, 
2, 4, 8, 11, 45, 
1, 2, 3, 4, 8, 10, 14, 
4, 9, 22, 29, 45, 76, 81, 
5, 7, 
8, 11, 
16, 17, 18, 25, 56, 
15, 16, 17, 18, 25, 70, 
15, 16, 18, 28, 36, 70, 
15, 16, 17, 34, 36, 56, 79, 
35, 50, 64, 71, 
44, 49, 54, 60, 63, 66, 72, 77, 
22, 23, 34, 40, 50, 64, 74, 
12, 21, 29, 32, 40, 74, 
21, 31, 35, 64, 67, 74, 
26, 41, 
15, 16, 40, 43, 52, 56, 59, 70, 
24, 41, 42, 68, 
39, 47, 51, 58, 
17, 33, 36, 37, 47, 58, 66, 69, 70, 78, 
12, 22, 32, 76, 
42, 46, 77, 
23, 35, 38, 62, 64, 67, 74, 
22, 29, 40, 43, 52, 76, 
28, 34, 36, 60, 66, 
18, 21, 33, 36, 54, 60, 79, 
19, 23, 31, 38, 48, 64, 71, 
17, 18, 28, 33, 34, 60, 70, 
28, 47, 61, 69, 78, 
31, 35, 48, 62, 67, 69, 
27, 47, 61, 69, 
21, 22, 25, 32, 43, 62, 67, 70, 74, 
24, 26, 42, 46, 
26, 30, 41, 46, 65, 68, 77, 
25, 32, 40, 52, 
7, 20, 54, 73, 79, 
1, 2, 4, 9, 10, 12, 75, 76, 80, 
30, 41, 42, 
27, 28, 37, 39, 51, 58, 61, 
35, 38, 57, 69, 71,
20, 58, 65, 72, 77, 
19, 21, 50, 64, 
27, 47, 58, 65, 68, 
25, 32, 52, 43, 59, 76, 
5, 7, 56, 59, 79, 80, 
20, 34, 44, 60, 79, 
63, 77, 
15, 18, 25, 53, 59, 79, 
48, 69, 
27, 28, 47, 49, 51, 65, 66, 72, 
25, 52, 53, 56, 75, 76, 80, 
20, 33, 34, 36, 54, 66, 
37, 39, 47, 69, 78, 
31, 38, 40, 67, 69, 70, 
20, 55, 77, 
19, 21, 23, 31, 35, 50, 
42, 49, 51, 58, 68, 77, 
20, 28, 33, 58, 60, 72, 
23, 31, 38, 40, 62, 74, 
26, 42, 51, 65, 
28, 37, 38, 39, 48, 57, 61, 62, 70, 78, 
16, 17, 25, 28, 36, 40, 62, 69, 
19, 35, 48, 
20, 49, 58, 66, 
7, 44, 
21, 22, 23, 31, 40, 67, 
1, 45, 59, 76, 80, 
12, 29, 32, 45, 52, 59, 75, 
20, 30, 42, 49, 55, 63, 65, 
28, 37, 61, 69, 
7, 18, 34, 44, 53, 54, 56, 
1, 5, 45, 53, 59, 75, 
4, 12))

list(N = 223, Age = c(49, 47, 50, 55, 59, 41, 55, 42, 51, 49, 49, 50, 
42, 54, 44, 44, 36, 43, 51, 54, 47, 47, 51, 49, 58, 42, 41, 36, 
53, 35, 44, 54, 37, 49, 45, 45, 44, 46, 41, 55, 46, 40, 47, 53, 
55, 36, 54, 43, 51, 57, 58, 50, 50, 36, 49, 36, 55, 46, 41, 59, 
53, 46, 57, 44, 48, 44, 59, 42, 54, 42, 58, 40, 35, 43, 45, 47, 
59, 39, 41, 55, 45, 44, 58, 52, 42, 41, 54, 50, 51, 50, 36, 53, 
57, 36, 43, 54, 39, 40, 35, 50, 56, 40, 48, 57, 52, 53, 59, 47, 
39, 49, 45, 43, 53, 59, 42, 52, 47, 58, 44, 57, 42, 35, 44, 56, 
43, 45, 37, 41, 36, 50, 42, 58, 53, 58, 58, 46, 57, 45, 50, 50, 
42, 51, 53, 41, 45, 52, 52, 41, 48, 44, 55, 48, 58, 45, 58, 59, 
49, 49, 50, 46, 57, 44, 44, 39, 58, 56, 58, 56, 58, 42, 50, 52, 
48, 46, 55, 51, 46, 42, 46, 51, 40, 50, 45, 51, 50, 41, 35, 43, 
59, 54, 38, 52, 54, 49, 55, 53, 51, 47, 40, 50, 58, 47, 55, 59, 
48, 49, 41, 49, 54, 38, 49, 52, 58, 59, 51, 49, 48, 48, 49, 40, 
37, 57, 58), SexF = c(0, 0, 1, 0, 0, 0, 1, 1, 1, 0, 0, 1, 0, 
0, 0, 1, 0, 1, 0, 0, 1, 0, 0, 0, 1, 1, 0, 1, 1, 1, 0, 0, 0, 1, 
1, 0, 1, 1, 0, 1, 1, 0, 0, 0, 0, 0, 0, 0, 0, 0, 1, 1, 0, 1, 0, 
0, 0, 1, 1, 0, 1, 0, 0, 1, 0, 0, 0, 1, 0, 0, 1, 0, 0, 1, 0, 1, 
0, 0, 0, 0, 1, 0, 0, 0, 0, 1, 1, 0, 0, 0, 1, 0, 0, 0, 1, 0, 0, 
1, 0, 1, 0, 0, 1, 0, 1, 1, 0, 1, 1, 0, 0, 0, 1, 1, 1, 0, 1, 0, 
0, 0, 0, 1, 1, 0, 0, 0, 0, 0, 0, 1, 1, 1, 1, 0, 1, 1, 0, 1, 1, 
1, 1, 1, 0, 0, 0, 1, 0, 0, 0, 0, 0, 1, 1, 0, 0, 0, 1, 1, 0, 0, 
0, 1, 1, 0, 0, 1, 1, 0, 0, 0, 0, 0, 0, 0, 1, 0, 0, 0, 0, 1, 0, 
0, 1, 1, 1, 1, 0, 0, 0, 1, 1, 0, 0, 0, 0, 0, 0, 0, 0, 1, 0, 0, 
1, 0, 1, 0, 0, 0, 0, 1, 0, 0, 0, 1, 1, 1, 1, 0, 1, 1, 0, 1, 0
), AgeStart = c(18, 14, 19, 15, 18, 16, 15, 18, 18, 18, 18, 17, 
17, 22, 18, 18, 18, 20, 16, 20, 13, 16, 18, 16, 18, 17, 17, 19, 
18, 19, 10, 21, 25, 17, 24, 15, 18, 25, 23, 21, 15, 17, 20, 12, 
14, 17, 21, 17, 15, 15, 25, 18, 17, 21, 20, 16, 17, 18, 17, 13, 
20, 17, 20, 16, 17, 15, 17, 19, 14, 16, 18, 20, 17, 26, 17, 20, 
26, 20, 19, 17, 18, 19, 19, 20, 21, 17, 21, 32, 20, 13, 18, 19, 
21, 18, 18, 20, 20, 15, 20, 15, 20, 17, 15, 20, 15, 19, 17, 18, 
16, 16, 18, 20, 21, 18, 18, 19, 17, 18, 17, 20, 23, 18, 17, 20, 
18, 20, 19, 15, 20, 18, 16, 30, 17, 13, 18, 20, 20, 20, 15, 18, 
18, 22, 21, 18, 12, 20, 17, 15, 14, 18, 16, 23, 18, 13, 20, 20, 
20, 18, 18, 14, 24, 19, 15, 19, 17, 19, 14, 20, 16, 15, 16, 16, 
18, 18, 18, 18, 18, 17, 18, 18, 18, 17, 21, 18, 38, 17, 17, 15, 
25, 18, 20, 18, 22, 21, 18, 17, 15, 19, 18, 19, 20, 19, 21, 21, 
18, 24, 16, 17, 16, 18, 19, 20, 20, 22, 14, 12, 17, 15, 19, 16, 
18, 17, 21), SIUC = c(1, 0, 1, 1, 1, 1, 1, 1, 1, 1, 0, 1, 1, 
1, 1, 1, 1, 1, 1, 1, 1, 0, 1, 1, 1, 1, 1, 1, 1, 1, 0, 0, 1, 1, 
1, 0, 1, 1, 0, 1, 1, 1, 1, 1, 0, 1, 1, 0, 1, 1, 0, 1, 1, 0, 0, 
1, 1, 1, 1, 0, 1, 1, 1, 1, 0, 0, 0, 1, 1, 0, 1, 1, 1, 1, 1, 1, 
1, 0, 1, 0, 1, 1, 1, 1, 1, 1, 1, 0, 0, 0, 0, 0, 0, 1, 1, 1, 1, 
1, 1, 0, 0, 1, 1, 1, 1, 1, 1, 0, 1, 1, 1, 1, 1, 1, 1, 1, 1, 1, 
1, 1, 1, 1, 1, 0, 1, 1, 0, 1, 0, 0, 1, 1, 1, 1, 1, 1, 0, 1, 0, 
1, 1, 1, 1, 1, 1, 1, 0, 1, 1, 0, 1, 1, 0, 1, 0, 0, 1, 0, 1, 0, 
1, 1, 1, 1, 1, 1, 1, 1, 1, 1, 1, 1, 1, 1, 0, 1, 1, 0, 1, 1, 0, 
0, 1, 1, 0, 0, 1, 1, 1, 1, 1, 1, 1, 1, 1, 1, 1, 0, 0, 1, 1, 1, 
0, 1, 1, 1, 1, 1, 0, 0, 1, 1, 1, 1, 1, 1, 1, 1, 1, 1, 0, 1, 0
), F10Cigs = c(30, 20, 12, 40, 20, 40, 18, 40, 20, 18, 30, 30, 
20, 60, 30, 30, 30, 25, 30, 30, 50, 40, 15, 50, 30, 23, 30, 25, 
17, 18, 35, 25, 20, 30, 20, 40, 20, 5, 5, 40, 40, 16, 30, 25, 
20, 25, 10, 10, 25, 20, 20, 30, 27, 20, 40, 35, 40, 25, 30, 40, 
25, 50, 20, 20, 30, 15, 15, 10, 35, 30, 30, 25, 20, 25, 25, 15, 
20, 15, 20, 30, 20, 40, 15, 15, 20, 40, 30, 25, 40, 30, 35, 40, 
20, 20, 25, 30, 20, 20, 40, 20, 35, 25, 20, 40, 30, 20, 15, 30, 
30, 50, 20, 40, 20, 7, 30, 40, 15, 40, 20, 15, 30, 20, 40, 35, 
24, 20, 30, 50, 20, 15, 20, 20, 40, 20, 30, 20, 20, 20, 20, 30, 
17, 30, 10, 60, 25, 20, 20, 30, 10, 30, 10, 20, 30, 16, 20, 30, 
25, 10, 50, 40, 20, 20, 20, 40, 40, 30, 30, 40, 60, 45, 60, 25, 
40, 20, 20, 20, 30, 20, 20, 35, 20, 50, 30, 60, 8, 40, 20, 20, 
40, 40, 35, 6, 35, 48, 40, 20, 30, 30, 20, 20, 20, 40, 20, 30, 
25, 30, 25, 50, 20, 30, 40, 15, 25, 30, 25, 20, 20, 35, 25, 10, 
20, 6, 20), censored.time1 = c(1.01, 5.005, 4.986, 5.04, 
5.005, 5.002, 4.928, 5.073, 4.983, 1.147, 4.917, 0.98, 0.917, 
1.035, 3.025, 1.046, 4.98, 3.088, 4.879, 2.938, 3.885, 2.004, 
4.884, 4.851, 4.988, 0.936, 5.117, 1.147, 0.901, 5.095, 4.887, 
0.849, 4.862, 1.01, 4.928, 4.895, 4.999, 5.103, 4.934, 5.142, 
5.046, 4.868, 4.865, 4.947, 4.999, 4.898, 5.005, 5.032, 4.98, 
5.076, 5.492, 4.977, 3.064, 0.901, 0.947, 4.909, 5.142, 4.923, 
4.939, 4.999, 4.882, 0.997, 4.851, 4.879, 3.885, 5.065, 5.046, 
4.898, 2.949, 4.969, 5.101, 3.159, 5.005, 4.887, 4.942, 2.125, 
5.095, 5.057, 4.903, 5.038, 1.07, 0.934, 4.884, 4.925, 5.147, 
3.885, 5.095, 0.898, 5.027, 5.013, 5.153, 5.018, 5.07, 5.073, 
1.109, 4.977, 2.015, 4.956, 5.128, 2.037, 1.862, 4.986, 5.021, 
4.903, 4.903, 5.018, 4.928, 4.966, 4.945, 4.906, 4.873, 4.92, 
4.871, 4.851, 1.035, 0.917, 4.901, 4.98, 1.128, 4.983, 4.903, 
0.931, 5.114, 4.925, 4.98, 5.095, 4.925, 5.021, 1.947, 5.002, 
1.013, 4.893, 4.947, 4.92, 1.054, 4.969, 1.15, 2.998, 0.994, 
0.95, 4.923, 1.092, 4.964, 4.887, 0.882, 4.92, 1.106, 0.961, 
4.903, 2.916, 0.923, 4.923, 4.925, 4.936, 4.961, 0.95, 5.153, 
5.04, 4.999, 1.911, 4.89, 4.956, 1.018, 4.865, 4.964, 4.942, 
4.931, 4.882, 4.928, 5.043, 5.021, 4.923, 0.988, 4.942, 4.964, 
5.09, 4.917, 4.98, 5.057, 4.966, 3.885, 4.89, 4.961, 5.073, 1.01, 
3.014, 4.865, 0.939, 4.958, 4.961, 4.851, 4.909, 4.906, 5.016, 
0.86, 4.964, 4.868, 3.885, 3.885, 0.86, 4.879, 4.975, 5.073, 
5.018, 5.051, 4.939, 4.994, 0.895, 4.961, 4.942, 4.903, 4.893, 
4.898, 1.035, 4.879, 1.008, 2.111, 4.947, 4.912, 4.945, 5.013, 
4.846, 5.038), censored.time2 = c(1.971, 100, 100, 100, 100, 
100, 100, 100, 100, 2.1, 100, 5.021, 2.086, 4.211, 3.964, 4.055, 
100, 4.027, 100, 3.915, 5.021, 2.987, 100, 100, 100, 1.875, 100, 
2.026, 2.924, 100, 100, 1.916, 100, 2.908, 100, 100, 100, 100, 
100, 100, 100, 100, 100, 100, 100, 100, 100, 100, 100, 100, 100, 
100, 4.027, 2.012, 3.064, 100, 100, 100, 100, 100, 100, 2.146, 
100, 100, 5.04, 100, 100, 100, 4.997, 100, 100, 3.929, 100, 100, 
100, 4.019, 100, 100, 100, 100, 1.96, 4.123, 100, 100, 100, 5.073, 
100, 1.875, 100, 100, 100, 100, 100, 100, 3.124, 100, 4.104, 
100, 100, 2.995, 2.932, 100, 100, 100, 100, 100, 100, 100, 100, 
100, 100, 100, 100, 100, 2.064, 1.889, 100, 100, 1.99, 100, 100, 
1.927, 100, 100, 100, 100, 100, 100, 2.886, 100, 2.026, 100, 
100, 100, 5.057, 100, 2.24, 3.992, 2.965, 2.982, 100, 1.864, 
100, 100, 4.953, 100, 3.986, 2.092, 100, 5.361, 3.962, 100, 100, 
100, 100, 3.959, 100, 100, 100, 5.018, 100, 100, 1.977, 100, 
100, 100, 100, 100, 100, 100, 100, 100, 2.045, 100, 100, 100, 
100, 100, 100, 100, 4.898, 100, 100, 100, 1.892, 5.139, 100, 
5.109, 100, 100, 100, 100, 100, 100, 1.875, 100, 100, 4.975, 
5.013, 2.01, 100, 100, 100, 100, 100, 100, 100, 3.118, 100, 100, 
100, 100, 100, 1.993, 100, 2.029, 2.973, 100, 100, 100, 100, 
100, 100), County = c(17, 21, 77, 30, 25, 58, 13, 16, 13, 77, 
32, 15, 17, 17, 5, 28, 73, 16, 17, 69, 13, 69, 47, 77, 19, 43, 
61, 59, 80, 40, 43, 19, 21, 70, 29, 1, 13, 63, 15, 13, 23, 70, 
70, 77, 73, 1, 77, 17, 73, 65, 21, 40, 64, 69, 40, 77, 19, 5, 
64, 37, 43, 1, 66, 25, 15, 15, 16, 16, 21, 54, 7, 77, 21, 59, 
59, 77, 13, 77, 32, 25, 70, 50, 30, 17, 80, 77, 7, 28, 21, 21, 
17, 15, 28, 21, 80, 77, 16, 13, 25, 21, 77, 17, 15, 21, 16, 60, 
61, 17, 20, 21, 7, 15, 77, 61, 21, 76, 21, 71, 77, 31, 38, 21, 
43, 66, 43, 19, 77, 21, 70, 70, 60, 60, 11, 8, 11, 4, 12, 4, 
81, 4, 4, 4, 4, 11, 12, 4, 4, 12, 12, 14, 11, 16, 16, 17, 61, 
12, 11, 12, 15, 17, 13, 55, 17, 15, 42, 12, 25, 4, 36, 4, 13, 
13, 15, 15, 15, 15, 22, 15, 13, 17, 17, 17, 17, 17, 17, 40, 12, 
7, 15, 15, 17, 17, 17, 16, 17, 21, 15, 15, 17, 59, 17, 59, 17, 
29, 17, 21, 77, 28, 59, 40, 26, 26, 26, 26, 46, 46, 26, 65, 16, 
76, 17, 16, 25))